$object "" {
 #version 1.0
 #tag MergeMeshes "1"
 #tag Coords "XZY"
 #tag Scale "1.000000"
 $node "Scene_Root" {
  $frame {
    1 0 0
    0 1 0
    0 0 1
    0 0 0
   
  }
  $node "Root" {
   $frame {
     -1 0 0
     0 0 1
     0 1 0
     0 0 0
    
   }
   $node "Hips" {
    $frame {
      -1 0 0
      0 0 1
      0 1 0
      0 -0.0202226 0.9345503
     
    }
    $node "Spine1" {
     $frame {
       1 0 0
       0 0.99713 0.07574
       0 -0.07574 0.99713
       0 0.0493906 0.0047697
      
     }
     $node "Spine2" {
      $frame {
        1 0 0
        0.00001 0.99392 -0.11014
        0 0.11014 0.99392
        -0 0.0535673 0.0000075
       
      }
      $node "Spine3" {
       $frame {
         1 0 0
         0 0.99811 -0.06142
         -0 0.06142 0.99811
         -0 0.0459138 -0.0000096
        
       }
       $node "Spine4" {
        $frame {
          1 0 0
          0 0.97973 -0.20034
          0 0.20034 0.97973
          0 0.0555637 -0.0000073
         
        }
        $node "Spine5" {
         $frame {
           1 0 0
           -0 0.98035 0.19729
           0 -0.19729 0.98035
           -0.0000001 0.0527345 0.008893
          
         }
         $node "Neck1" {
          $frame {
            -1 0 0
            -0 0.94466 0.32805
            0.00001 0.32805 -0.94466
            0 0.2902267 -0.0000035
           
          }
          $node "Neck2" {
           $frame {
             1 0 0
             -0 0.99845 0.05569
             0 -0.05569 0.99845
             -0 0.0500115 0.000005
            
           }
           $node "Neck3" {
            $frame {
              1 0 0
              0 0.99619 0.08716
              0 -0.08716 0.99619
              -0 0.0478922 0.0000188
             
            }
            $node "Head" {
             $frame {
               1 0 0
               -0 0.99576 0.09199
               0 -0.09199 0.99576
               0 0.042296 0.0020508
              
             }
             $node "EyeLeft" {
              $frame {
                1 0 0
                0 0 -1
                0 1 0
                0.0318348 0.0731401 -0.0792185
               
              }
              $node "EyeLeftPupil" {
               $frame {
                 1 0 0
                 0 1 0
                 0 0 1
                 -0.0000004 0.0103608 -0.0000103
                
               }
              }
             }
             $node "FacialLipUpperMiddle" {
              $frame {
                1 0 0
                0 1 0
                0 0 1
                0.0001943 0.0092686 -0.1168613
               
              }
             }
             $node "FacialLipLowerMiddle" {
              $frame {
                1 0 0
                0 1 0
                0 0 1
                0.0001901 -0.0063372 -0.1152769
               
              }
             }
             $node "LeftFacialLipLower" {
              $frame {
                -1 0 0
                0 0 1
                0 1 0
                0.014777 -0.0049411 -0.1131759
               
              }
             }
             $node "LeftFacialLipUpper" {
              $frame {
                -1 0 0
                0 0 1
                0 1 0
                0.0171832 0.0077632 -0.1117088
               
              }
             }
             $node "LeftFacialLipCorner" {
              $frame {
                -1 0 0
                0 0 1
                0 1 0
                0.0278494 0.0032171 -0.1035562
               
              }
             }
             $node "LeftFacialChin" {
              $frame {
                -1 0 0
                0 0 1
                0 1 0
                0.0239192 -0.0194495 -0.1062337
               
              }
             }
             $node "LeftFacialCheekLower" {
              $frame {
                -1 0 0
                0 0 1
                0 1 0
                0.0433713 -0.0035783 -0.0920387
               
              }
             }
             $node "LeftFacialCheekMiddle" {
              $frame {
                -1 0 0
                0 0 1
                0 1 0
                0.0437667 0.0175472 -0.0943782
               
              }
             }
             $node "LeftFacialNoseCorner" {
              $frame {
                -1 0 0
                0 0 1
                0 1 0
                0.0184775 0.0320441 -0.1038466
               
              }
             }
             $node "LeftFacialCheekUpper" {
              $frame {
                -1 0 0
                0 0 1
                0 1 0
                0.0527373 0.0491768 -0.0884854
               
              }
             }
             $node "LeftFacialEyelidLowerOuter" {
              $frame {
                -1 0 0
                0 0 1
                0 1 0
                0.0430914 0.066325 -0.0873383
               
              }
             }
             $node "LeftFacialEyelidLowerMiddle" {
              $frame {
                -1 0 0
                0 0 1
                0 1 0
                0.0335556 0.0649615 -0.0922915
               
              }
             }
             $node "LeftFacialEyelidLowerInner" {
              $frame {
                -1 0 0
                0 0 1
                0 1 0
                0.0224621 0.0666962 -0.0915078
               
              }
             }
             $node "LeftFacialEyelidUpperMiddle" {
              $frame {
                -1 0 0
                0 0 1
                0 1 0
                0.033248 0.0797143 -0.0921405
               
              }
             }
             $node "LeftFacialEyelidUpperInner" {
              $frame {
                -1 0 0
                0 0 1
                0 1 0
                0.0229142 0.0763952 -0.0913719
               
              }
             }
             $node "LeftFacialEyelidUpperOuter" {
              $frame {
                -1 0 0
                0 0 1
                0 1 0
                0.0422161 0.0777682 -0.0878015
               
              }
             }
             $node "LeftFacialEyebrowOuter" {
              $frame {
                -1 0 0
                0 0 1
                0 1 0
                0.0479291 0.0957826 -0.0905437
               
              }
             }
             $node "LeftFacialEyebrowInner" {
              $frame {
                -1 0 0
                0 0 1
                0 1 0
                0.0139693 0.095537 -0.1089378
               
              }
             }
             $node "FacialJaw" {
              $frame {
                -0.00001 -0.43849 -0.89874
                1 0 0
                -0 -0.89874 0.43849
                0.0000038 0.0050779 -0.0257255
               
              }
              $node "FacialChinMiddle" {
               $frame {
                 1 0 0
                 0 1 0
                 0 0 1
                 0.0960389 -0 0.0001155
                
               }
              }
              $node "FacialTongueBase" {
               $frame {
                 0.81915 0 -0.57357
                 0 1 0
                 0.57357 -0 0.81915
                 0.027267 0 0.000075
                
               }
               $node "FacialTongueMiddle" {
                $frame {
                  1 0 0
                  0 1 0
                  0 0 1
                  0.0217584 -0 -0.0001356
                 
                }
                $node "FacialTongueTip" {
                 $frame {
                   1 0 0
                   0 1 0
                   0 0 1
                   0.0218241 -0 0.0001116
                  
                 }
                }
               }
              }
             }
             $node "RightFacialLipLower" {
              $frame {
                -0.9993 -0 -0.03737
                0.03737 -0 -0.9993
                0 -1 0
                -0.0157028 -0.0061898 -0.1105628
               
              }
             }
             $node "RightFacialLipUpper" {
              $frame {
                -0.9993 -0 -0.03737
                0.03737 -0 -0.9993
                0 -1 0
                -0.0171826 0.0077644 -0.1090732
               
              }
             }
             $node "RightFacialLipCorner" {
              $frame {
                -0.9993 -0 -0.03737
                0.03737 -0 -0.9993
                0 -1 0
                -0.0268834 0.0020042 -0.1000421
               
              }
             }
             $node "RightFacialChin" {
              $frame {
                -0.99992 -0 -0.01231
                0.01231 -0 -0.99992
                0 -1 0
                -0.0239206 -0.0194173 -0.0992874
               
              }
             }
             $node "RightFacialCheekLower" {
              $frame {
                -0.99931 -0 -0.03725
                0.03725 -0 -0.99931
                0 -1 0
                -0.0433741 -0.0036086 -0.0837353
               
              }
             }
             $node "RightFacialCheekMiddle" {
              $frame {
                -0.99931 -0 -0.03725
                0.03725 -0 -0.99931
                0 -1 0
                -0.0437694 0.0175427 -0.0902199
               
              }
             }
             $node "RightFacialCheekUpper" {
              $frame {
                -0.99931 -0 -0.03725
                0.03725 -0 -0.99931
                0 -1 0
                -0.0527408 0.0491725 -0.0835034
               
              }
             }
             $node "RightFacialEyelidLowerOuter" {
              $frame {
                -0.99992 -0 -0.01235
                0.01235 -0 -0.99992
                0 -1 0
                -0.0430922 0.0663215 -0.0856111
               
              }
             }
             $node "RightFacialEyelidLowerMiddle" {
              $frame {
                -0.99992 -0 -0.01231
                0.01231 -0 -0.99992
                0 -1 0
                -0.0335555 0.0649618 -0.0915882
               
              }
             }
             $node "RightFacialEyelidLowerInner" {
              $frame {
                -0.99992 -0 -0.01231
                0.01231 -0 -0.99992
                0 -1 0
                -0.0224615 0.0666928 -0.0908147
               
              }
             }
             $node "RightFacialEyelidUpperOuter" {
              $frame {
                -0.99992 -0 -0.01235
                0.01235 -0 -0.99992
                0 -1 0
                -0.0422179 0.0777709 -0.0870751
               
              }
             }
             $node "RightFacialEyelidUpperMiddle" {
              $frame {
                -0.99992 -0 -0.01231
                0.01231 -0 -0.99992
                0 -1 0
                -0.0332477 0.0789131 -0.0921401
               
              }
             }
             $node "RightFacialEyelidUpperInner" {
              $frame {
                -0.99992 -0 -0.01231
                0.01231 -0 -0.99992
                0 -1 0
                -0.0229144 0.0763908 -0.0911865
               
              }
             }
             $node "EyeRight" {
              $frame {
                1 0 0
                0 0 -1
                0 1 0
                -0.0316095 0.0727536 -0.0788632
               
              }
              $node "EyeRightPupil" {
               $frame {
                 1 0 0
                 0 1 0
                 0 0 1
                 0.0000003 0.010363 0.0000054
                
               }
              }
             }
             $node "RightFacialEyebrowOuter" {
              $frame {
                -0.99931 -0 -0.03725
                0.03725 -0 -0.99931
                0 -1 0
                -0.0479309 0.0957811 -0.0891682
               
              }
             }
             $node "RightFacialEyebrowInner" {
              $frame {
                -0.9993 -0 -0.03737
                0.03737 -0 -0.9993
                0 -1 0
                -0.0139689 0.0955347 -0.1089348
               
              }
             }
             $node "RightFacialNoseCorner" {
              $frame {
                -0.9993 -0 -0.03737
                0.03737 -0 -0.9993
                0 -1 0
                -0.018597 0.0320439 -0.1026667
               
              }
             }
             $node "Camera" {
              $frame {
                1 0 0
                0 1 0
                0 0 1
                0 0 0
               
              }
             }
            }
           }
          }
         }
         $node "LeftPectoral" {
          $frame {
            0.11142 -0.98907 -0.0966
            -0.00632 -0.09791 0.99518
            -0.99375 -0.11027 -0.01716
            -0.0891365 0.1712832 0.1053757
           
          }
         }
         $node "RightPectoral" {
          $frame {
            -0.0063 0.09791 -0.99518
            -0.11145 -0.98906 -0.0966
            -0.99375 0.1103 0.01715
            0.0891238 0.171175 0.1053657
           
          }
         }
         $node "LeftShoulderBlade" {
          $frame {
            0.00894 0.09768 -0.99518
            -0.15686 0.98303 0.09508
            0.98758 0.15526 0.02411
            -0.1084407 0.2319123 -0.1238616
           
          }
         }
         $node "RightShoulderBlade" {
          $frame {
            -0.00892 0.09768 -0.99518
            0.15686 0.98303 0.09508
            0.98758 -0.15526 -0.02409
            0.108529 0.2319835 -0.1238512
           
          }
         }
         $node "RightShoulder" {
          $frame {
            0.05801 -0.08426 0.99475
            -0.99811 0.01545 0.05952
            -0.02038 -0.99632 -0.08321
            0.06249 0.2353692 -0.0243352
           
          }
          $node "RightArm" {
           $frame {
             0.99831 0.03104 0.0491
             0.0145 0.68539 -0.72803
             -0.05625 0.72752 0.68378
             -0.0010808 -0.1093567 -0.0027273
            
           }
           $node "RightArmTwist" {
            $frame {
              1 0 0
              0 1 0
              0 0 1
              -0.0000061 -0.1416029 0.0000445
             
            }
            $node "RightForeArm" {
             $frame {
               -0.02424 0.0251 0.99939
               -0.64238 0.7656 -0.03481
               -0.766 -0.64283 -0.00244
               -0.0000198 -0.1441013 0.0000032
              
             }
             $node "RightForeArmTwist" {
              $frame {
                1 0 0
                0 1 0
                0 0 1
                0.0000428 -0.1356846 -0.0000372
               
              }
              $node "RightHand" {
               $frame {
                 -0.33994 0.19352 -0.92032
                 0.20794 0.96985 0.12712
                 0.91717 -0.14816 -0.36993
                 -0.0000476 -0.1343961 0.0001435
                
               }
               $node "RightHandMiddle1" {
                $frame {
                  0.99795 0.05258 -0.03635
                  -0.05336 0.99836 -0.0207
                  0.0352 0.0226 0.99912
                  0.0113465 -0.0271375 -0.003107
                 
                }
                $node "RightHandMiddle2" {
                 $frame {
                   0.99829 0.05638 0.01528
                   -0.05525 0.99626 -0.06645
                   -0.01897 0.06549 0.99767
                   0.0000046 -0.0790984 -0.0000417
                  
                 }
                 $node "RightHandMiddle3" {
                  $frame {
                    0.99945 -0.03094 0.01162
                    0.02795 0.60367 -0.79674
                    0.01764 0.79663 0.60421
                    -0.0000967 -0.039971 0.0000424
                   
                  }
                  $node "RightHandMiddle4" {
                   $frame {
                     0.99064 0.12864 -0.04564
                     -0.13609 0.90526 -0.40247
                     -0.01046 0.40492 0.91429
                     0.0000811 -0.0296613 -0.0000667
                    
                   }
                   $node "RightHandMiddle5" {
                    $frame {
                      1 0 0
                      -0 0.99993 0.01153
                      -0 -0.01153 0.99993
                      -0.0000678 -0.0232261 -0.0000178
                     
                    }
                   }
                  }
                 }
                }
               }
               $node "RightHandRing1" {
                $frame {
                  0.99233 -0.00632 -0.12346
                  0.0041 0.99982 -0.01826
                  0.12356 0.01761 0.99218
                  -0.0038102 -0.0275619 -0.0019466
                 
                }
                $node "RightHandRing2" {
                 $frame {
                   1 0 0
                   -0 0.98368 -0.17991
                   -0 0.17991 0.98368
                   -0.0000259 -0.0787117 -0.000008
                  
                 }
                 $node "RightHandRing3" {
                  $frame {
                    1 0 0
                    -0 0.47814 -0.87828
                    0 0.87828 0.47814
                    0.0000466 -0.0334519 -0.0000321
                   
                  }
                  $node "RightHandRing4" {
                   $frame {
                     1 0 0
                     0 0.92802 -0.37254
                     0 0.37254 0.92802
                     0.0000614 -0.0314939 0.0000786
                    
                   }
                   $node "RightHandRing5" {
                    $frame {
                      1 0 0
                      0 1 0
                      0 0 1
                      -0.0000353 -0.0250243 -0.0000465
                     
                    }
                   }
                  }
                 }
                }
               }
               $node "RightHandPinky1" {
                $frame {
                  0.99822 -0.05947 0.00475
                  0.05966 0.99498 -0.08038
                  0.00005 0.08052 0.99675
                  -0.0254473 -0.0277447 0.0013242
                 
                }
                $node "RightHandPinky2" {
                 $frame {
                   0.95068 -0.16263 -0.26414
                   0.15396 0.98664 -0.05334
                   0.26928 0.01004 0.96301
                   -0.0000354 -0.0713901 -0.0000396
                  
                 }
                 $node "RightHandPinky3" {
                  $frame {
                    0.99993 -0 0.01162
                    0.00953 0.57219 -0.82007
                    -0.00665 0.82012 0.57215
                    0.0000158 -0.0273224 -0.0000196
                   
                  }
                  $node "RightHandPinky4" {
                   $frame {
                     0.99558 0.09395 0
                     -0.07878 0.83477 -0.54493
                     -0.0512 0.54252 0.83848
                     0.0000041 -0.0226275 0.0000025
                    
                   }
                   $node "RightHandPinky5" {
                    $frame {
                      1 0 0
                      0 1 0
                      0 0 1
                      0.0000651 -0.0225011 -0.0000008
                     
                    }
                   }
                  }
                 }
                }
               }
               $node "RightHandIndex1" {
                $frame {
                  0.96548 0.1475 0.21467
                  -0.14729 0.98895 -0.01709
                  -0.21482 -0.01512 0.97654
                  0.0267314 -0.0269185 0.0003104
                 
                }
                $node "RightHandIndex2" {
                 $frame {
                   0.96091 0.27688 0
                   -0.27512 0.95482 0.11236
                   0.03111 -0.10797 0.99367
                   0.0000365 -0.0717328 0.0000258
                  
                 }
                 $node "RightHandIndex3" {
                  $frame {
                    1 0 0
                    0 0.70373 -0.71046
                    -0 0.71046 0.70373
                    -0.0000853 -0.0380325 -0.0000183
                   
                  }
                  $node "RightHandIndex4" {
                   $frame {
                     1 0 0
                     -0 0.86051 -0.50943
                     0 0.50943 0.86051
                     -0.0000629 -0.0254832 -0.0000654
                    
                   }
                   $node "RightHandIndex5" {
                    $frame {
                      1 0 0
                      0 1 0
                      0 0 1
                      0.0000546 -0.026023 0.000036
                     
                    }
                   }
                  }
                 }
                }
               }
               $node "RightHandThumb1" {
                $frame {
                  0.07687 0.41564 0.90627
                  -0.30438 0.87535 -0.37565
                  -0.94944 -0.24698 0.1938
                  0.0107539 0.0064141 0.0053778
                 
                }
                $node "RightHandThumb2" {
                 $frame {
                   1 0 0
                   0 0.87844 0.47785
                   0 -0.47785 0.87844
                   -0.0000139 -0.0316355 0.0000551
                  
                 }
                 $node "RightHandThumb3" {
                  $frame {
                    1 0 0
                    -0 0.87571 -0.48284
                    0 0.48284 0.87571
                    0.0000776 -0.0462043 -0.0001312
                   
                  }
                  $node "RightHandThumb4" {
                   $frame {
                     1 0 0
                     0.00001 0.99804 -0.06261
                     0 0.06261 0.99804
                     -0.0000185 -0.0318978 0.00009
                    
                   }
                   $node "RightHandThumb5" {
                    $frame {
                      1 0 0
                      0 1 0
                      0 0 1
                      -0.0000941 -0.0333515 0.000048
                     
                    }
                   }
                  }
                 }
                }
               }
               $node "RightHandInbetween" {
                $frame {
                  0.99006 0.13981 -0.01535
                  -0.14064 0.9857 -0.0928
                  0.00215 0.09404 0.99557
                  0.0420296 -0.0639159 0.0249652
                 
                }
               }
               $node "RightHandProp" {
                $frame {
                  -0.62061 0.69704 -0.35914
                  0.75332 0.40291 -0.51978
                  -0.21761 -0.59313 -0.77514
                  0.1476203 -0.0064658 -0.5094253
                 
                }
               }
              }
              $node "RightHandUpperVolume" {
               $frame {
                 -0.33994 0.19352 -0.92032
                 0.20794 0.96985 0.12712
                 0.91717 -0.14816 -0.36993
                 -0.0000874 -0.134398 0.0000182
                
               }
              }
              $node "RightHandLowerVolume" {
               $frame {
                 -0.33994 0.19351 -0.92032
                 0.20794 0.96985 0.12712
                 0.91717 -0.14816 -0.36993
                 -0.0000271 -0.1343331 0.0001392
                
               }
              }
             }
             $node "RightForeArmVolume" {
              $frame {
                0.69848 -0.45984 -0.54833
                0.25309 0.87544 -0.41176
                0.66938 0.14883 0.72786
                0 0 0
               
              }
             }
            }
           }
           $node "RightArmVolume" {
            $frame {
              1 0 0
              0 1 0
              0 0 1
              0 0 0
             
            }
           }
          }
         }
         $node "LeftShoulder" {
          $frame {
            0.0579 0.08426 -0.99476
            -0.99811 -0.01547 -0.0594
            -0.02039 0.99632 0.08321
            -0.0624879 0.2354927 -0.0243251
           
          }
          $node "LeftArm" {
           $frame {
             0.99832 0.03092 0.0491
             0.01458 0.68538 -0.72804
             -0.05616 0.72752 0.68378
             0.0011041 0.1094961 0.0025193
            
           }
           $node "LeftArmTwist" {
            $frame {
              1 0 0
              0 1 0
              0 0 1
              -0.0000022 0.141351 0.0000331
             
            }
            $node "LeftForeArm" {
             $frame {
               -0.02424 0.0251 0.99939
               -0.64238 0.76559 -0.03481
               -0.766 -0.64284 -0.00243
               -0.0000045 0.1442652 0.0000205
              
             }
             $node "LeftForeArmTwist" {
              $frame {
                1 0 0
                0 1 0
                0 0 1
                -0.0000736 0.1357029 0.0000335
               
              }
              $node "LeftHand" {
               $frame {
                 -0.33994 0.19351 -0.92032
                 0.20794 0.96985 0.12712
                 0.91717 -0.14816 -0.36993
                 0.0000315 0.1342565 -0.0000891
                
               }
               $node "LeftHandProp" {
                $frame {
                  -0.62061 0.69704 -0.35914
                  -0.75332 -0.40291 0.51978
                  0.21761 0.59313 0.77514
                  -0.1602032 -0.0125439 0.4776207
                 
                }
               }
               $node "LeftHandInbetween" {
                $frame {
                  0.99006 0.13981 -0.01535
                  -0.14063 0.9857 -0.0928
                  0.00215 0.09404 0.99557
                  -0.0416654 0.0642642 -0.0247919
                 
                }
               }
               $node "LeftHandMiddle1" {
                $frame {
                  0.99795 0.05258 -0.03635
                  -0.05335 0.99836 -0.0207
                  0.0352 0.0226 0.99912
                  -0.0113115 0.0271455 0.0031412
                 
                }
                $node "LeftHandMiddle2" {
                 $frame {
                   0.99829 0.05638 0.01528
                   -0.05525 0.99626 -0.06645
                   -0.01897 0.06549 0.99767
                   0.0000569 0.0792447 -0.0000962
                  
                 }
                 $node "LeftHandMiddle3" {
                  $frame {
                    0.99945 -0.03094 0.01162
                    0.02795 0.60367 -0.79674
                    0.01764 0.79663 0.60421
                    0.0000221 0.039902 0.0000482
                   
                  }
                  $node "LeftHandMiddle4" {
                   $frame {
                     0.99064 0.12864 -0.04564
                     -0.13609 0.90526 -0.40247
                     -0.01046 0.40491 0.91429
                     -0.0000499 0.0296948 0.000043
                    
                   }
                   $node "LeftHandMiddle5" {
                    $frame {
                      1 0 0
                      -0 0.99993 -0.01154
                      -0 0.01154 0.99993
                      0.0000424 0.0232155 -0.0000901
                     
                    }
                   }
                  }
                 }
                }
               }
               $node "LeftHandRing1" {
                $frame {
                  0.99233 -0.00632 -0.12346
                  0.0041 0.99982 -0.01826
                  0.12356 0.01761 0.99218
                  0.0039373 0.0276589 0.0020037
                 
                }
                $node "LeftHandRing2" {
                 $frame {
                   1 0 0
                   0 0.98368 -0.17991
                   0 0.17991 0.98368
                   -0.0000891 0.0787073 -0.0001094
                  
                 }
                 $node "LeftHandRing3" {
                  $frame {
                    1 0 0
                    -0 0.47814 -0.87828
                    0 0.87828 0.47814
                    -0.0000591 0.0333363 0.000054
                   
                  }
                  $node "LeftHandRing4" {
                   $frame {
                     1 0 0
                     0 0.92802 -0.37254
                     -0 0.37254 0.92802
                     0.0000267 0.0314758 0.0000201
                    
                   }
                   $node "LeftHandRing5" {
                    $frame {
                      1 0 0
                      0 1 0
                      0 0 1
                      0.0000265 0.0250307 0.0000152
                     
                    }
                   }
                  }
                 }
                }
               }
               $node "LeftHandPinky1" {
                $frame {
                  0.99822 -0.05947 0.00475
                  0.05966 0.99498 -0.08039
                  0.00006 0.08053 0.99675
                  0.0256636 0.0277967 -0.0013626
                 
                }
                $node "LeftHandPinky2" {
                 $frame {
                   0.95068 -0.16263 -0.26413
                   0.15396 0.98664 -0.05334
                   0.26928 0.01004 0.96301
                   -0.0002157 0.0714552 0.0000514
                  
                 }
                 $node "LeftHandPinky3" {
                  $frame {
                    0.99993 -0 0.01162
                    0.00953 0.57219 -0.82007
                    -0.00665 0.82012 0.57215
                    0.0000547 0.0272486 0.0000596
                   
                  }
                  $node "LeftHandPinky4" {
                   $frame {
                     0.99558 0.09395 0
                     -0.07878 0.83478 -0.54493
                     -0.0512 0.54252 0.83848
                     -0.0000199 0.0226338 0.0000041
                    
                   }
                   $node "LeftHandPinky5" {
                    $frame {
                      1 0 0
                      0 1 0
                      0 0 1
                      0.0000517 0.0225067 -0.0000363
                     
                    }
                   }
                  }
                 }
                }
               }
               $node "LeftHandIndex1" {
                $frame {
                  0.96548 0.1475 0.21467
                  -0.14729 0.98895 -0.01709
                  -0.21482 -0.01511 0.97654
                  -0.0267406 0.0269522 -0.0003363
                 
                }
                $node "LeftHandIndex2" {
                 $frame {
                   0.9609 0.27688 0
                   -0.27513 0.95482 0.11236
                   0.03111 -0.10797 0.99367
                   0.0001525 0.071808 -0.0000137
                  
                 }
                 $node "LeftHandIndex3" {
                  $frame {
                    1 0 0
                    -0 0.70374 -0.71046
                    -0 0.71046 0.70374
                    -0.0001349 0.0380838 -0.0000408
                   
                  }
                  $node "LeftHandIndex4" {
                   $frame {
                     1 0 0
                     -0 0.86051 -0.50943
                     0 0.50943 0.86051
                     -0.0000537 0.0253391 -0.0000486
                    
                   }
                   $node "LeftHandIndex5" {
                    $frame {
                      1 0 0
                      0 1 0
                      0 0 1
                      0.000016 0.0259914 -0.000005
                     
                    }
                   }
                  }
                 }
                }
               }
               $node "LeftHandThumb1" {
                $frame {
                  0.07687 0.41564 0.90627
                  -0.30438 0.87535 -0.37564
                  -0.94944 -0.24698 0.1938
                  -0.0107113 -0.0063311 -0.0053297
                 
                }
                $node "LeftHandThumb2" {
                 $frame {
                   1 0 0
                   -0 0.87844 0.47785
                   0 -0.47785 0.87844
                   -0.0000581 0.0316755 0.0000332
                  
                 }
                 $node "LeftHandThumb3" {
                  $frame {
                    1 0 0
                    0 0.87571 -0.48284
                    0 0.48284 0.87571
                    -0.0001001 0.0460688 -0.0000462
                   
                  }
                  $node "LeftHandThumb4" {
                   $frame {
                     1 0 0
                     -0 0.99804 -0.06261
                     0 0.06261 0.99804
                     0.0000465 0.0318875 0.0000316
                    
                   }
                   $node "LeftHandThumb5" {
                    $frame {
                      1 0 0
                      0 1 0
                      0 0 1
                      -0.0000056 0.0334582 0.0000185
                     
                    }
                   }
                  }
                 }
                }
               }
              }
              $node "LeftHandUpperVolume" {
               $frame {
                 -0.33994 0.19351 -0.92032
                 0.20794 0.96985 0.12712
                 0.91717 -0.14816 -0.36993
                 0.0000081 0.1343616 -0.0001473
                
               }
              }
              $node "LeftHandLowerVolume" {
               $frame {
                 -0.33994 0.19351 -0.92032
                 0.20794 0.96985 0.12712
                 0.91717 -0.14816 -0.36993
                 0.0000615 0.1343681 -0.0000063
                
               }
              }
             }
             $node "LeftForeArmVolume" {
              $frame {
                0.69848 -0.45984 -0.54833
                0.25309 0.87544 -0.41177
                0.66938 0.14884 0.72786
                0 0 0
               
              }
             }
            }
           }
           $node "LeftArmVolume" {
            $frame {
              0.99958 0.00729 -0.02809
              0.00445 0.91794 0.3967
              0.02868 -0.39666 0.91752
              0 0 0
             
            }
           }
          }
         }
        }
        $node "Stomach3" {
         $frame {
           -1 0 0
           -0.00001 -0.29334 0.95601
           -0 0.95601 0.29334
           -0.0000009 -0.0118729 0.1142798
          
         }
        }
       }
       $node "Stomach2" {
        $frame {
          -1 0 0
          -0.00001 -0.09586 0.99539
          -0 0.99539 0.09586
          -0.0000008 -0.0095664 0.1141722
         
        }
       }
      }
     }
     $node "Stomach1" {
      $frame {
        -1 0 0
        0 0.07574 0.99713
        -0 0.99713 -0.07574
        0 0.027231 0.1101768
       
      }
     }
    }
    $node "RightLegClothF" {
     $frame {
       0 0 1
       0 1 0
       -1 0 0
       0.1029996 -0.0178522 0.1073261
      
     }
    }
    $node "LeftLegClothF" {
     $frame {
       0 0 1
       0 1 0
       -1 0 0
       -0.1029832 -0.0175567 0.1071641
      
     }
    }
    $node "RightLegClothB" {
     $frame {
       0 1 0
       0 0 1
       1 0 0
       0.1030001 -0.0178498 -0.0938734
      
     }
    }
    $node "LeftLegClothB" {
     $frame {
       0 1 0
       0 0 1
       1 0 0
       -0.1029991 -0.0178499 -0.0938736
      
     }
    }
    $node "RightLeg" {
     $frame {
       -0.99678 -0.08007 -0.00403
       -0.08017 0.99552 0.0501
       -0 0.05026 -0.99874
       0.1025634 -0.016145 0.0010941
      
     }
     $node "RightLegTwist" {
      $frame {
        1 0 0
        0 1 0
        0 0 1
        -0.0000036 -0.2113374 0
       
      }
      $node "RightKnee" {
       $frame {
         0.99957 -0.02892 -0.00566
         0.02867 0.99875 -0.04091
         0.00684 0.04072 0.99915
         -0.0000074 -0.2048382 -0.000002
        
       }
       $node "RightKneeTwist" {
        $frame {
          1 0 0
          0 1 0
          0 0 1
          -0.000007 -0.1903916 -0.0000007
         
        }
        $node "RightFoot" {
         $frame {
           0.98528 0.11124 -0.12979
           0.0689 0.4364 0.89711
           0.15643 -0.89285 0.42232
           0.00001 -0.2178265 -0.0000024
          
         }
         $node "RightToe" {
          $frame {
            1 -0.00049 -0.00029
            0.00057 0.86111 0.50842
            0 -0.50842 0.86111
            0.0000032 -0.140617 -0.0000016
           
          }
         }
        }
       }
       $node "RightKneeVolume" {
        $frame {
          1 0 0
          0 1 0
          0 0 1
          0 0 0
         
        }
       }
      }
     }
     $node "RightLegVolume" {
      $frame {
        1 0 0
        0 1 0
        0 0 1
        0 0 0
       
      }
     }
    }
    $node "LeftLeg" {
     $frame {
       -0.99678 0.08007 0.00403
       -0.08017 -0.99552 -0.05011
       -0 -0.05027 0.99874
       -0.1025718 -0.0161458 0.0011005
      
     }
     $node "LeftLegTwist" {
      $frame {
        1 0 0
        0 1 0
        0 0 1
        0.0000055 0.2113176 -0.0000032
       
      }
      $node "LeftKnee" {
       $frame {
         0.99957 -0.02893 -0.00567
         0.02867 0.99875 -0.04091
         0.00684 0.04073 0.99915
         0.0000147 0.2048563 0.0000044
        
       }
       $node "LeftKneeTwist" {
        $frame {
          1 0 0
          0 1 0
          0 0 1
          -0.0000169 0.1904071 -0.0000034
         
        }
        $node "LeftFoot" {
         $frame {
           0.98528 0.11124 -0.12978
           0.0689 0.4364 0.89711
           0.15643 -0.89285 0.42231
           -0.0000052 0.2178342 0.0000013
          
         }
         $node "LeftToe" {
          $frame {
            1 0 0
            -0 0.86111 0.50843
            0 -0.50843 0.86111
            0.0000137 0.1406071 0.0000055
           
          }
         }
        }
       }
       $node "LeftKneeVolume" {
        $frame {
          1 0 0
          0 1 0
          0 0 1
          0 0 0
         
        }
       }
      }
     }
     $node "LeftLegVolume" {
      $frame {
        1 0 0
        0 1 0
        0 0 1
        0 0 0
       
      }
     }
    }
   }
   $node "Collision" {
    $frame {
      1 0 0
      0 1 0
      0 0 1
      0 0 0
     
    }
   }
  }
 }
 $materials {
  $material "SampleVest_01" {
   #UVset 0
  }
 }
 $colliders {
  $box "UBX_Item" {
   $frame {
     1 0 0
     0 1 0
     0 -0 1
     0.0019775 0.025537 0.3610846
    
   }
   #weight 0
   #material "Fabric_6mm_min_5EE22D6E62DCE04A"
   #layers "ItemFireView"
   #corner 0.1144 0.0264 0.136
  }
 }
 $lod 0 {
  #lodFactor 0.5
  $mesh "Addons" {
   #texCoords 1
   #vertexColors 1
   $faces {
     0 3 0 1 2
     0 3 3 4 5
     0 3 6 7 8
     0 3 9 10 11
     0 3 12 13 14
     0 3 15 16 17
     0 3 18 19 20
     0 3 21 22 23
     0 3 24 25 26
     0 3 27 28 29
     0 3 30 31 32
     0 3 33 34 35
     0 3 36 37 38
     0 3 39 40 41
     0 3 42 43 44
     0 3 45 46 47
     0 3 48 49 50
     0 3 51 52 53
     0 3 54 55 56
     0 3 57 58 59
     0 3 60 61 62
     0 3 63 64 65
     0 3 66 67 68
     0 3 69 70 71
     0 3 72 73 74
     0 3 75 76 77
     0 3 78 79 80
     0 3 81 82 83
     0 3 84 85 86
     0 3 87 88 89
     0 3 90 91 92
     0 3 93 94 95
     0 3 96 97 98
     0 3 99 100 101
     0 3 102 103 104
     0 3 105 106 107
     0 3 108 109 110
     0 3 111 112 113
     0 3 114 115 116
     0 3 117 118 119
     0 3 120 121 122
     0 3 123 124 125
     0 3 126 127 128
     0 3 129 130 131
     0 3 132 133 134
     0 3 135 136 137
     0 3 138 139 140
     0 3 141 142 143
     0 3 144 145 146
     0 3 147 148 149
     0 3 150 151 152
     0 3 153 154 155
     0 3 156 157 158
     0 3 159 160 161
     0 3 162 163 164
