$object "" {
 #version 1.0
 #tag MergeMeshes "1"
 #tag Coords "XZY"
 #tag Scale "1.000000"
 $node "Scene_Root" {
  $frame {
    1 0 0
    0 1 0
    0 0 1
    0 0 0
   
  }
  $node "EntityPosition" {
   $frame {
     -1 0 0
     0 0 1
     0 1 0
     0 0 0
    
   }
  }
  $node "Root" {
   $frame {
     -1 0 0
     0 0 1
     0 1 0
     0 0 0
    
   }
   $node "LeftFoot_IK_Target" {
    $frame {
      0.99018 -0.13953 0.0091
      0.12495 0.85377 -0.50543
      0.06275 0.5016 0.86282
      0.1802878 -0.0770378 0.0999871
     
    }
   }
   $node "LeftHand_IK_Target" {
    $frame {
      0.2176 -0.62061 -0.75332
      0.59313 0.69704 -0.40291
      0.77514 -0.35914 0.51978
      0.4983154 0.0720785 1.0458717
     
    }
   }
   $node "RightFoot_IK_Target" {
    $frame {
      0.99018 0.13953 -0.0091
      0.12495 -0.85378 0.50542
      0.06275 -0.50159 -0.86283
      -0.180289 -0.0770349 0.0999794
     
    }
   }
   $node "RightHand_IK_Target" {
    $frame {
      0.21761 0.62061 0.75332
      0.59313 -0.69704 0.40291
      0.77514 0.35914 -0.51978
      -0.4983156 0.072078 1.0458641
     
    }
   }
   $node "Spine_IK_Target" {
    $frame {
      -1 0 0
      -0.00001 -0.09896 0.99509
      -0 0.99509 0.09896
      -0.0000012 -0.0252832 1.191555
     
    }
   }
   $node "Hips" {
    $frame {
      -1 0 0
      0 0 1
      0 1 0
      0 -0.0202226 0.9345502
     
    }
    $node "Spine1" {
     $frame {
       1 0 0
       -0 0.99713 0.07574
       -0 -0.07574 0.99713
       0 0.0493909 0.0047697
      
     }
     $node "Spine2" {
      $frame {
        1 0 0
        0.00001 0.99392 -0.11014
        0 0.11014 0.99392
        0 0.0535672 0.0000075
       
      }
      $node "Spine3" {
       $frame {
         1 0 0
         0 0.99811 -0.06142
         0 0.06142 0.99811
         0 0.0459132 -0.0000096
        
       }
       $node "Spine4" {
        $frame {
          1 0 0
          0 0.97973 -0.20034
          0 0.20034 0.97973
          0 0.0555639 -0.0000077
         
        }
        $node "Spine5" {
         $frame {
           1 0 0
           -0 0.98035 0.19729
           0 -0.19729 0.98035
           -0.0000001 0.052734 0.0088931
          
         }
         $node "Neck1" {
          $frame {
            -1 0 0
            -0 0.94466 0.32805
            0.00001 0.32805 -0.94466
            0.0000001 0.2902253 -0.0000032
           
          }
          $node "Neck2" {
           $frame {
             1 0 0
             -0 0.99845 0.05569
             0 -0.05569 0.99845
             0 0.0500109 0.0000055
            
           }
           $node "Neck3" {
            $frame {
              1 0 0
              0 0.99619 0.08716
              0 -0.08716 0.99619
              -0 0.0478937 0.0000192
             
            }
            $node "Head" {
             $frame {
               1 0 0
               -0 0.99576 0.09199
               0 -0.09199 0.99576
               0 0.0422959 0.0020508
              
             }
             $node "Camera" {
              $frame {
                1 0 0
                0 1 0
                0 0 1
                0 0 0
               
              }
             }
             $node "BlowChick_left" {
              $frame {
                -0.02248 0.95601 -0.29247
                0.92821 -0.08871 -0.36132
                -0.37137 -0.27959 -0.88539
                0.0619313 0.0150866 -0.0740805
               
              }
             }
             $node "BlowChick_right" {
              $frame {
                -0.0169 -0.96076 0.27687
                -0.9282 -0.08787 -0.36156
                0.3717 -0.2631 -0.89029
                -0.0619318 0.0150887 -0.0740799
               
              }
             }
             $node "CorrugatorSupercilii_left" {
              $frame {
                -0.96551 -0.25883 -0.0282
                0.26035 -0.95916 -0.11057
                0.00156 -0.1141 0.99347
                0.0185576 0.0838201 -0.1084723
               
              }
             }
             $node "CorrugatorSupercilii_right" {
              $frame {
                0.96412 -0.26277 -0.03779
                -0.26531 -0.95869 -0.10258
                -0.00928 0.10892 -0.99401
                -0.0185575 0.0838183 -0.1084721
               
              }
             }
             $node "DepressorAnguli_left" {
              $frame {
                -0.77906 -0.39742 -0.4849
                0.39909 -0.91084 0.10533
                -0.48353 -0.11146 0.8682
                0.0288711 -0.0155252 -0.104761
               
              }
             }
             $node "DepressorAnguli_right" {
              $frame {
                -0.77905 0.39743 0.48491
                -0.3991 -0.91084 0.10534
                0.48354 -0.11146 0.8682
                -0.0288723 -0.0155216 -0.1047607
               
              }
             }
             $node "DepressorSeptiNasil" {
              $frame {
                1 0 0
                -0 0.63351 -0.77373
                0 0.77373 0.63351
                0 0.0254203 -0.1197758
               
              }
             }
             $node "LeftFacialNoseCorner" {
              $frame {
                1 0 0
                0 0 -1
                0 1 0
                0.0000034 0.0303347 -0.1119911
               
              }
             }
             $node "LevatorAnguli_left" {
              $frame {
                0.97926 -0.18837 0.07461
                0.17243 0.9682 0.18124
                -0.10638 -0.16462 0.9806
                0.0275185 0.0216364 -0.1052331
               
              }
             }
             $node "LevatorAnguli_right" {
              $frame {
                0.97926 0.18836 -0.07462
                -0.17242 0.96821 0.18124
                0.10639 -0.16461 0.9806
                -0.0275192 0.0216385 -0.1052329
               
              }
             }
             $node "LevatorLabii_left" {
              $frame {
                0.99302 -0.10877 0.04559
                0.07257 0.86823 0.49082
                -0.09297 -0.48409 0.87006
                0.0297956 0.0369555 -0.1051584
               
              }
             }
             $node "LevatorLabii_right" {
              $frame {
                0.99302 0.10876 -0.0456
                -0.07255 0.86823 0.49082
                0.09298 -0.48409 0.87007
                -0.0297961 0.0369584 -0.1051582
               
              }
             }
             $node "LevatorSuperioris_left" {
              $frame {
                0.95959 0.08665 0.26774
                -0.0786 0.99608 -0.04066
                -0.27021 0.01798 0.96263
                0.0177898 0.0329221 -0.1064251
               
              }
             }
             $node "LevatorSuperioris_right" {
              $frame {
                0.95958 -0.08666 -0.26775
                0.07861 0.99608 -0.04067
                0.27022 0.01797 0.96263
                -0.0177904 0.0329183 -0.106425
               
              }
             }
             $node "MassaterStretch_left" {
              $frame {
                -0.0273 0.90591 -0.42259
                -0.15223 -0.42159 -0.89392
                -0.98797 0.03993 0.14942
                0.0676628 0.02877 -0.0389649
               
              }
             }
             $node "MassaterStretch_right" {
              $frame {
                -0.02731 -0.90591 0.42259
                0.15223 -0.42159 -0.89392
                0.98797 0.03992 0.14941
                -0.0676627 0.0287687 -0.0389643
               
              }
             }
             $node "Massater_left" {
              $frame {
                0.00729 -0.95443 0.29834
                0.32368 0.28453 0.90237
                -0.94614 0.08999 0.31101
                0.0635561 0.0206029 -0.0564726
               
              }
             }
             $node "Massater_right" {
              $frame {
                0.00729 0.95443 -0.29834
                -0.32367 0.28454 0.90237
                0.94614 0.08998 0.311
                -0.0635564 0.0206088 -0.0564721
               
              }
             }
             $node "Mentalis_left" {
              $frame {
                -0.74245 -0.56779 -0.35549
                0.65704 -0.72068 -0.22117
                -0.13062 -0.39778 0.90813
                0.0103079 -0.015473 -0.1147354
               
              }
             }
             $node "Mentalis_right" {
              $frame {
                -0.74244 0.5678 0.3555
                -0.65705 -0.72067 -0.22117
                0.13062 -0.39779 0.90813
                -0.0103092 -0.0154716 -0.1147354
               
              }
             }
             $node "Nasalis_left" {
              $frame {
                0.95713 0.15575 -0.24424
                -0.26039 0.83199 -0.48989
                0.1269 0.53249 0.83687
                0.0144414 0.0421149 -0.1099108
               
              }
             }
             $node "Nasalis_right" {
              $frame {
                0.95713 -0.15576 0.24423
                0.2604 0.83198 -0.48989
                -0.12689 0.53249 0.83687
                -0.0144419 0.0421184 -0.1099106
               
              }
             }
             $node "Occipitalis_left" {
              $frame {
                -0.93677 0.06626 0.34361
                -0.00384 0.9799 -0.19943
                -0.34992 -0.18814 -0.91769
                0.0359002 0.0972112 0.0785284
               
              }
             }
             $node "Occipitalis_right" {
              $frame {
                -0.93678 -0.06625 -0.3436
                0.00385 0.97991 -0.19942
                0.34991 -0.18814 -0.9177
                -0.0358983 0.0972083 0.0785286
               
              }
             }
             $node "Occipitofrontalis_left" {
              $frame {
                0.91996 -0.25068 0.30138
                0.05779 0.84714 0.52822
                -0.38773 -0.46853 0.79382
                0.0262745 0.1202305 -0.0935327
               
              }
             }
             $node "Occipitofrontalis_right" {
              $frame {
                0.91996 0.25066 -0.30139
                -0.05777 0.84714 0.52823
                0.38773 -0.46854 0.79381
                -0.0262738 0.1202283 -0.0935324
               
              }
             }
             $node "OrbicularisOculi_bottomCenterLid_left" {
              $frame {
                0.99519 0.06866 0.06986
                -0.05859 0.98882 -0.13715
                -0.0785 0.1324 0.98808
                0.0310824 0.0620203 -0.0943377
               
              }
             }
             $node "OrbicularisOculi_bottomCenterLid_right" {
              $frame {
                0.99519 -0.06866 -0.06987
                0.05859 0.98882 -0.13715
                0.07851 0.13239 0.98808
                -0.0310824 0.0620184 -0.0943374
               
              }
             }
             $node "OrbicularisOculi_bottomCenter_left" {
              $frame {
                0.99546 -0.08431 -0.04414
                0.09517 0.88189 0.46176
                -0 -0.46386 0.88591
                0.0272548 0.0539812 -0.0977096
               
              }
             }
             $node "OrbicularisOculi_bottomCenter_right" {
              $frame {
                0.99546 0.08429 0.04413
                -0.09515 0.88189 0.46176
                0 -0.46386 0.88591
                -0.0272549 0.0539783 -0.0977093
               
              }
             }
             $node "OrbicularisOculi_bottomLeftLid_left" {
              $frame {
                0.58274 0.26966 0.76661
                -0.12722 0.96198 -0.24168
                -0.80264 0.04331 0.59489
                0.0412072 0.0640076 -0.0885809
               
              }
             }
             $node "OrbicularisOculi_bottomLeftLid_right" {
              $frame {
                0.58273 -0.26967 -0.76662
                0.12722 0.96198 -0.24168
                0.80265 0.0433 0.59488
                -0.0412071 0.0640084 -0.0885806
               
              }
             }
             $node "OrbicularisOculi_bottomLeft_left" {
              $frame {
                0.52252 0.41834 0.74294
                -0.71474 0.69001 0.11416
                -0.46488 -0.59066 0.65955
                0.0440844 0.0560141 -0.090638
               
              }
             }
             $node "OrbicularisOculi_bottomLeft_right" {
              $frame {
                0.52251 -0.41835 -0.74295
                0.71475 0.69 0.11415
                0.46488 -0.59066 0.65955
                -0.0440845 0.0560185 -0.0906376
               
              }
             }
             $node "OrbicularisOculi_bottomRightLid_left" {
              $frame {
                0.97018 -0.13717 -0.19983
                0.15296 0.98604 0.06576
                0.18802 -0.09436 0.97762
                0.0200621 0.0639319 -0.0939323
               
              }
             }
             $node "OrbicularisOculi_bottomRightLid_right" {
              $frame {
                0.97019 0.13715 0.19982
                -0.15294 0.98605 0.06575
                -0.18802 -0.09435 0.97762
                -0.0200622 0.0639284 -0.0939321
               
              }
             }
             $node "OrbicularisOculi_bottomRight_left" {
              $frame {
                0.82142 -0.53489 -0.19788
                0.52944 0.58617 0.61327
                -0.21204 -0.60852 0.76469
                0.0157042 0.0601755 -0.0975261
               
              }
             }
             $node "OrbicularisOculi_bottomRight_right" {
              $frame {
                0.82143 0.53488 0.19787
                -0.52943 0.58618 0.61326
                0.21203 -0.60851 0.76469
                -0.0157043 0.0601783 -0.0975259
               
              }
             }
             $node "OrbicularisOculi_cornerLeft_left" {
              $frame {
                -0.00941 0.99996 0
                -0.80496 -0.00758 -0.59328
                -0.59325 -0.00559 0.805
                0.0496734 0.0674618 -0.0808929
               
              }
             }
             $node "OrbicularisOculi_cornerLeft_right" {
              $frame {
                -0.00943 -0.99996 -0
                0.80496 -0.00759 -0.59328
                0.59325 -0.00559 0.805
                -0.0496733 0.0674585 -0.0808925
               
              }
             }
             $node "OrbicularisOculi_nostril_left" {
              $frame {
                -0.22761 0.14687 -0.96261
                -0.00634 -0.98876 -0.14936
                -0.97373 -0.02789 0.22599
                0.0078409 0.0705103 -0.1019762
               
              }
             }
             $node "OrbicularisOculi_nostril_right" {
              $frame {
                -0.22761 -0.14687 0.96261
                -0.16286 -0.96889 -0.18633
                0.96004 -0.19918 0.19661
                -0.0078409 0.0705082 -0.1019761
               
              }
             }
             $node "OrbicularisOculi_upperCenterLid_left" {
              $frame {
                -0.99004 -0.00366 -0.14071
                0.0184 -0.99445 -0.10363
                -0.13955 -0.10519 0.98461
                0.0298306 0.0753905 -0.0965122
               
              }
             }
             $node "OrbicularisOculi_upperCenterLid_right" {
              $frame {
                -0.99004 0.00367 0.14072
                -0.01842 -0.99445 -0.10363
                0.13956 -0.10519 0.98461
                -0.0298305 0.0753884 -0.0965119
               
              }
             }
             $node "OrbicularisOculi_upperCenter_left" {
              $frame {
                -0.90222 0.03738 -0.42964
                -0.01908 -0.99872 -0.04683
                -0.43084 -0.03405 0.90178
                0.0351055 0.0872016 -0.1029635
               
              }
             }
             $node "OrbicularisOculi_upperCenter_right" {
              $frame {
                0.885 0.03598 -0.46421
                -0.00737 -0.9958 -0.09124
                -0.46554 0.08417 -0.88102
                -0.0321054 0.0864924 -0.1062464
               
              }
             }
             $node "OrbicularisOculi_upperLeftLid_left" {
              $frame {
                -0.95417 -0.17493 0.24283
                0.16198 -0.98413 -0.07248
                0.25165 -0.02982 0.96736
                0.0197482 0.0716229 -0.0938233
               
              }
             }
             $node "OrbicularisOculi_upperLeftLid_right" {
              $frame {
                -0.95417 0.17494 -0.24282
                -0.16199 -0.98413 -0.07248
                -0.25164 -0.02982 0.96736
                -0.0197481 0.0716182 -0.0938232
               
              }
             }
             $node "OrbicularisOculi_upperLeft_left" {
              $frame {
                -0.88554 -0.41222 0.21425
                0.41418 -0.49161 0.76601
                -0.21043 0.76707 0.60607
                0.0158278 0.0759953 -0.1015982
               
              }
             }
             $node "OrbicularisOculi_upperLeft_right" {
              $frame {
                -0.88553 0.41223 -0.21424
                -0.41418 -0.49161 0.76601
                0.21045 0.76706 0.60607
                -0.0158277 0.0759983 -0.101598
               
              }
             }
             $node "OrbicularisOculi_upperRightLid_left" {
              $frame {
                -0.78308 0.26929 -0.5606
                -0.31361 -0.94938 -0.01797
                -0.53706 0.16174 0.82789
                0.0399439 0.0730301 -0.093336
               
              }
             }
             $node "OrbicularisOculi_upperRightLid_right" {
              $frame {
                -0.78308 -0.26928 0.56061
                0.3136 -0.94939 -0.01798
                0.53707 0.16173 0.82789
                -0.0399438 0.0730282 -0.0933356
               
              }
             }
             $node "OrbicularisOculi_upperRight_left" {
              $frame {
                -0.66943 0.27864 -0.68864
                -0.00524 -0.92874 -0.37069
                -0.74286 -0.24454 0.62318
                0.0488309 0.082204 -0.0911687
               
              }
             }
             $node "OrbicularisOculi_upperRight_right" {
              $frame {
                0.78553 0.4311 -0.44396
                0.18459 -0.84799 -0.49683
                -0.59065 0.30832 -0.7457
                -0.0486306 0.0802174 -0.0953678
               
              }
             }
             $node "Orbicularis_bottomCenter" {
              $frame {
                -1 0 0
                0 -1 0
                0 0 1
                -0 -0.0087605 -0.1149848
               
              }
             }
             $node "Orbicularis_bottomCenterLips" {
              $frame {
                -1 0 0
                -0 -0.99431 -0.10651
                -0 -0.10651 0.99431
                0 0.0021452 -0.12021
               
              }
             }
             $node "Orbicularis_bottomLeft" {
              $frame {
                -0.74113 -0.51953 -0.42522
                0.44587 -0.85441 0.2668
                -0.50193 0.00814 0.86487
                0.017206 -0.0059416 -0.1129434
               
              }
             }
             $node "Orbicularis_bottomLipsLeft" {
              $frame {
                -0.81324 -0.10239 -0.57285
                0.18241 -0.97964 -0.08386
                -0.5526 -0.17269 0.81536
                0.0130789 0.0035857 -0.1157427
               
              }
             }
             $node "Orbicularis_bottomLipsRight" {
              $frame {
                -0.81323 0.1024 0.57286
                -0.18242 -0.97964 -0.08385
                0.55261 -0.17269 0.81536
                -0.01308 0.0035884 -0.1157426
               
              }
             }
             $node "Orbicularis_bottomRight" {
              $frame {
                -0.74112 0.51954 0.42523
                -0.44587 -0.85441 0.26681
                0.50194 0.00814 0.86487
                -0.0172071 -0.0059416 -0.1129432
               
              }
             }
             $node "Orbicularis_cornerLeft" {
              $frame {
                0.04298 -0.99908 -0
                0.82928 0.03567 0.55769
                -0.55717 -0.02397 0.83005
                0.0293033 0.0047222 -0.1059898
               
              }
             }
             $node "Orbicularis_cornerRight" {
              $frame {
                0.04299 0.99908 0
                -0.82928 0.03568 0.5577
                0.55718 -0.02397 0.83005
                -0.0293042 0.0047186 -0.1059896
               
              }
             }
             $node "Orbicularis_upperCenter" {
              $frame {
                1 0 0
                0 1 0
                0 0 1
                0 0.0198505 -0.1178623
               
              }
             }
             $node "Orbicularis_upperCenterLips" {
              $frame {
                1 0 0
                -0 0.97476 0.22325
                -0 -0.22325 0.97476
                0 0.0095249 -0.118416
               
              }
             }
             $node "Orbicularis_upperLeft" {
              $frame {
                0.91886 -0.36442 0.15128
                0.25332 0.83879 0.48194
                -0.30252 -0.40451 0.86305
                0.0146918 0.0180355 -0.1129537
               
              }
             }
             $node "Orbicularis_upperLeftLips" {
              $frame {
                0.84421 -0.31583 0.43307
                0.26409 0.94818 0.17669
                -0.46644 -0.0348 0.88387
                0.0123998 0.0081461 -0.1143699
               
              }
             }
             $node "Orbicularis_upperRight" {
              $frame {
                0.91887 0.36441 -0.15128
                -0.25331 0.83879 0.48194
                0.30252 -0.40452 0.86305
                -0.0146927 0.0180384 -0.1129536
               
              }
             }
             $node "Orbicularis_upperRightLips" {
              $frame {
                0.84421 0.31582 -0.43308
                -0.26407 0.94818 0.1767
                0.46644 -0.03481 0.88387
                -0.0124007 0.0081485 -0.1143698
               
              }
             }
             $node "Procerus" {
              $frame {
                1 0 0
                -0 0.97554 -0.21982
                0 0.21982 0.97554
                0 0.0829579 -0.1094385
               
              }
             }
             $node "Risorius_left" {
              $frame {
                0.04349 -0.9288 0.36801
                0.45106 0.34693 0.8223
                -0.89143 0.13023 0.43403
                0.0543397 0.0018066 -0.0782259
               
              }
             }
             $node "Risorius_right" {
              $frame {
                0.0435 0.9288 -0.36801
                -0.45105 0.34694 0.82231
                0.89144 0.13022 0.43403
                -0.0543404 0.0018086 -0.0782254
               
              }
             }
             $node "Temporalis_back_left" {
              $frame {
                -0.05338 0.90602 -0.41985
                -0.22829 -0.42039 -0.87816
                -0.97213 0.04897 0.22927
                0.0699956 0.0850092 -0.0181478
               
              }
             }
             $node "Temporalis_back_right" {
              $frame {
                -0.05339 -0.90602 0.41986
                0.22826 -0.4204 -0.87816
                0.97213 0.04895 0.22926
                -0.0699946 0.0850087 -0.0181472
               
              }
             }
             $node "Temporalis_front_left" {
              $frame {
                -0.30661 -0.04189 -0.95091
                0.10525 -0.9944 0.00987
                -0.946 -0.09706 0.3093
                0.0633904 0.0972678 -0.0527827
               
              }
             }
             $node "Temporalis_front_right" {
              $frame {
                -0.3066 0.04189 0.95092
                -0.10527 -0.99439 0.00987
                0.946 -0.09708 0.30929
                -0.0633897 0.0972686 -0.052782
               
              }
             }
             $node "ZygomaticusMajor_left" {
              $frame {
                0.11606 -0.91174 0.39404
                0.51258 0.39479 0.7625
                -0.85076 0.11348 0.51316
                0.0477981 0.0155522 -0.0913874
               
              }
             }
             $node "ZygomaticusMajor_right" {
              $frame {
                0.11607 0.91174 -0.39404
                -0.51257 0.39479 0.7625
                0.85076 0.11347 0.51315
                -0.0477988 0.0155485 -0.091387
               
              }
             }
             $node "ZygomaticusMinor_left" {
              $frame {
                0.39089 -0.88958 0.23635
                0.70908 0.45475 0.53889
                -0.58686 -0.04305 0.80854
                0.043105 0.0353721 -0.0987279
               
              }
             }
             $node "ZygomaticusMinor_right" {
              $frame {
                0.3909 0.88957 -0.23636
                -0.70907 0.45476 0.5389
                0.58687 -0.04306 0.80853
                -0.0431055 0.0353686 -0.0987274
               
              }
             }
             $node "jawRP" {
              $frame {
                1 0 0
                0 1 0
                0 0 1
                0.0000037 0.0167816 -0.0356367
               
              }
              $node "Jaw" {
               $frame {
                 1 0 0
                 0 1 0
                 0 0 1
                 -0 -0.0422999 -0.0667189
                
               }
               $node "leftJawSpikeBone" {
                $frame {
                  0.94532 -0.3091 0.10403
                  0.16394 0.1746 -0.9709
                  0.28194 0.93486 0.21573
                  0.06 0.0230001 0.07
                 
                }
               }
               $node "rightJawSpikeBone" {
                $frame {
                  0.93759 0.3342 -0.09606
                  -0.05146 -0.13987 -0.98883
                  -0.34391 0.93207 -0.11394
                  -0.06 0.0229999 0.07
                 
                }
               }
              }
              $node "tongueRoot" {
               $frame {
                 0 0 -1
                 -0.99903 -0.04405 0
                 -0.04405 0.99903 0
                 -0.0000001 -0.0159781 -0.0078703
                
               }
               $node "tongueMiddle" {
                $frame {
                  0.96413 0.01169 -0.26516
                  0 0.99903 0.04405
                  0.26542 -0.04247 0.9632
                  0.0208829 -0.0003111 0.0070554
                 
                }
                $node "tongueUpper" {
                 $frame {
                   0.97894 -0 -0.20416
                   0 1 0
                   0.20416 0 0.97894
                   0.0215291 0 0.0021594
                  
                 }
                 $node "tongueTip" {
                  $frame {
                    1 0 0
                    0 1 0
                    0 0 1
                    0.0130537 0 0.0007765
                   
                  }
                 }
                 $node "tongueLeftRoll" {
                  $frame {
                    1 0 0
                    0 1 0
                    0 0 1
                    0.0037062 -0.0119181 -0.0017736
                   
                  }
                 }
                 $node "tongueRightRoll" {
                  $frame {
                    1 0 0
                    0 1 0
                    0 0 1
                    0.0037062 0.01192 -0.0017736
                   
                  }
                 }
                }
               }
              }
              $node "PlatysmaMinor_left" {
               $frame {
                 -0.92057 -0.31789 0.22694
                 0.24259 -0.00995 0.97008
                 -0.30612 0.94808 0.08627
                 0.0246253 -0.0560925 -0.0422904
                
               }
              }
              $node "PlatysmaMinor_right" {
               $frame {
                 -0.92057 0.3179 -0.22694
                 -0.2429 -0.01094 0.96999
                 0.30588 0.94806 0.08729
                 -0.0246265 -0.0560929 -0.0422902
                
               }
              }
             }
             $node "leftEye" {
              $frame {
                1 0 0
                0 0 -1
                0 1 0
                0.0293178 0.0707616 -0.0771263
               
              }
              $node "EyeLeftPupil" {
               $frame {
                 1 0 0
                 0 1 0
                 0 0 1
                 0.0001163 0.0106663 -0.0000103
                
               }
              }
              $node "leftEye_pupil1" {
               $frame {
                 1 0 0
                 0 0 1
                 0 -1 0
                 -0.0003526 0.0175259 0.0062408
                
               }
              }
              $node "leftEye_pupil2" {
               $frame {
                 0.70711 -0 -0.70711
                 0.70711 0 0.70711
                 0 -1 0
                 0.0039903 0.0175259 0.004442
                
               }
              }
              $node "leftEye_pupil3" {
               $frame {
                 0 0 -1
                 1 0 0
                 0 -1 0
                 0.0057892 0.0175259 0.000099
                
               }
              }
              $node "leftEye_pupil4" {
               $frame {
                 -0.70711 -0 -0.70711
                 0.70711 -0 -0.70711
                 0 -1 0
                 0.0039902 0.0175259 -0.0042439
                
               }
              }
              $node "leftEye_pupil5" {
               $frame {
                 -1 0 0
                 0 0 -1
                 0 -1 0
                 -0.0003527 0.0175259 -0.0060427
                
               }
              }
              $node "leftEye_pupil6" {
               $frame {
                 -0.70711 0 0.70711
                 -0.70711 -0 -0.70711
                 0 -1 0
                 -0.0046956 0.0175259 -0.0042438
                
               }
              }
              $node "leftEye_pupil7" {
               $frame {
                 0 0 1
                 -1 0 0
                 0 -1 0
                 -0.0064945 0.0175259 0.0000991
                
               }
              }
              $node "leftEye_pupil8" {
               $frame {
                 0.69466 0 0.71934
                 -0.71934 0 0.69466
                 0 -1 0
                 -0.0046956 0.0175259 0.004442
                
               }
              }
             }
             $node "rightEye" {
              $frame {
                1 0 0
                0 0 -1
                0 1 0
                -0.0305543 0.070762 -0.0791768
               
              }
              $node "rightEye_pupil1" {
               $frame {
                 1 0 0
                 0 0 1
                 0 -1 0
                 0.0005249 0.0154751 0.0062408
                
               }
              }
              $node "rightEye_pupil2" {
               $frame {
                 0.70711 -0 -0.70711
                 0.70711 0 0.70711
                 0 -1 0
                 0.0048678 0.0154752 0.0044419
                
               }
              }
              $node "rightEye_pupil3" {
               $frame {
                 0 0 -1
                 1 0 0
                 0 -1 0
                 0.0066667 0.0154752 0.000099
                
               }
              }
              $node "rightEye_pupil4" {
               $frame {
                 -0.70711 -0 -0.70711
                 0.70711 -0 -0.70711
                 0 -1 0
                 0.0048678 0.0154752 -0.0042439
                
               }
              }
              $node "rightEye_pupil5" {
               $frame {
                 -1 0 0
                 0 0 -1
                 0 -1 0
                 0.0005248 0.0154751 -0.0060427
                
               }
              }
              $node "rightEye_pupil6" {
               $frame {
                 -0.70711 0 0.70711
                 -0.70711 -0 -0.70711
                 0 -1 0
                 -0.0038181 0.0154751 -0.0042438
                
               }
              }
              $node "rightEye_pupil7" {
               $frame {
                 0 0 1
                 -1 0 0
                 0 -1 0
                 -0.005617 0.0154751 0.0000991
                
               }
              }
              $node "rightEye_pupil8" {
               $frame {
                 0.70711 0 0.70711
                 -0.70711 0 0.70711
                 0 -1 0
                 -0.003818 0.0154751 0.004442
                
               }
              }
             }
            }
           }
          }
         }
         $node "LeftPectoral" {
          $frame {
            0.11142 -0.98907 -0.0966
            -0.00632 -0.09791 0.99518
            -0.99375 -0.11027 -0.01716
            -0.0891367 0.1712835 0.1053757
           
          }
         }
         $node "RightPectoral" {
          $frame {
            -0.0063 0.09791 -0.99518
            -0.11143 -0.98907 -0.0966
            -0.99375 0.11028 0.01714
            0.089127 0.1711749 0.1053657
           
          }
         }
         $node "LeftShoulderBlade" {
          $frame {
            0.00894 0.09768 -0.99518
            -0.15685 0.98303 0.09508
            0.98758 0.15525 0.02411
            -0.1084447 0.2319127 -0.1238615
           
          }
         }
         $node "RightShoulderBlade" {
          $frame {
            -0.00892 0.09768 -0.99518
            0.15685 0.98303 0.09508
            0.98758 -0.15525 -0.02409
            0.1085266 0.2319835 -0.123851
           
          }
         }
         $node "RightShoulder" {
          $frame {
            0.05801 -0.08426 0.99475
            -0.99811 0.01544 0.05952
            -0.02038 -0.99632 -0.08321
            0.0624899 0.2353695 -0.0243351
           
          }
          $node "RightArm" {
           $frame {
             0.99831 0.03104 0.0491
             0.0145 0.68538 -0.72804
             -0.05625 0.72752 0.68378
             -0.0010813 -0.1093575 -0.0027271
            
           }
           $node "RightArmTwist" {
            $frame {
              1 0 0
              0 1 0
              0 0 1
              -0.0000058 -0.1416066 0.0000455
             
            }
            $node "RightForeArm" {
             $frame {
               -0.02424 0.0251 0.99939
               -0.64238 0.76559 -0.03481
               -0.766 -0.64283 -0.00244
               -0.0000201 -0.1440981 0.0000029
              
             }
             $node "RightForeArmTwist" {
              $frame {
                1 0 0
                0 1 0
                0 0 1
                0.0000441 -0.1356846 -0.0000368
               
              }
              $node "RightHand" {
               $frame {
                 -0.33994 0.19352 -0.92032
                 0.20794 0.96985 0.12712
                 0.91717 -0.14816 -0.36993
                 -0.0000494 -0.134393 0.0001399
                
               }
               $node "RightHandMiddle1" {
                $frame {
                  0.99795 0.05258 -0.03635
                  -0.05336 0.99836 -0.0207
                  0.0352 0.0226 0.99912
                  0.0113456 -0.0271374 -0.0031074
                 
                }
                $node "RightHandMiddle2" {
                 $frame {
                   0.99829 0.05638 0.01528
                   -0.05525 0.99626 -0.06645
                   -0.01897 0.06549 0.99767
                   0.0000005 -0.0791009 -0.0000417
                  
                 }
                 $node "RightHandMiddle3" {
                  $frame {
                    0.99945 -0.03094 0.01162
                    0.02795 0.60367 -0.79674
                    0.01764 0.79663 0.60421
                    -0.0000955 -0.0399709 0.0000425
                   
                  }
                  $node "RightHandMiddle4" {
                   $frame {
                     0.99064 0.12864 -0.04564
                     -0.1361 0.90526 -0.40247
                     -0.01046 0.40492 0.91429
                     0.0000834 -0.02966 -0.000064
                    
                   }
                   $node "RightHandMiddle5" {
                    $frame {
                      1 0 0
                      0 0.99993 0.01154
                      -0 -0.01154 0.99993
                      -0.0000693 -0.0232264 -0.0000187
                     
                    }
                   }
                  }
                 }
                }
               }
               $node "RightHandRing1" {
                $frame {
                  0.99233 -0.00632 -0.12346
                  0.0041 0.99982 -0.01826
                  0.12356 0.01761 0.99218
                  -0.0038124 -0.0275659 -0.0019465
                 
                }
                $node "RightHandRing2" {
                 $frame {
                   1 0 0
                   -0 0.98368 -0.17991
                   -0 0.17991 0.98368
                   -0.0000243 -0.0787085 -0.0000072
                  
                 }
                 $node "RightHandRing3" {
                  $frame {
                    1 0 0
                    -0 0.47815 -0.87828
                    0 0.87828 0.47815
                    0.0000428 -0.0334531 -0.0000316
                   
                  }
                  $node "RightHandRing4" {
                   $frame {
                     1 0 0
                     -0 0.92801 -0.37254
                     0 0.37254 0.92801
                     0.00006 -0.0314935 0.000075
                    
                   }
                   $node "RightHandRing5" {
                    $frame {
                      1 0 0
                      0 1 0
                      0 0 1
                      -0.000034 -0.025024 -0.0000447
                     
                    }
                   }
                  }
                 }
                }
               }
               $node "RightHandPinky1" {
                $frame {
                  0.99822 -0.05947 0.00475
                  0.05966 0.99498 -0.08039
                  0.00005 0.08053 0.99675
                  -0.0254483 -0.0277431 0.001324
                 
                }
                $node "RightHandPinky2" {
                 $frame {
                   0.95068 -0.16263 -0.26413
                   0.15396 0.98664 -0.05334
                   0.26928 0.01004 0.96301
                   -0.0000381 -0.0713944 -0.0000383
                  
                 }
                 $node "RightHandPinky3" {
                  $frame {
                    0.99993 -0 0.01162
                    0.00953 0.57218 -0.82007
                    -0.00665 0.82013 0.57215
                    0.0000211 -0.0273192 -0.0000194
                   
                  }
                  $node "RightHandPinky4" {
                   $frame {
                     0.99558 0.09395 0
                     -0.07878 0.83477 -0.54493
                     -0.0512 0.54252 0.83848
                     -0.0000006 -0.0226284 -0.0000015
                    
                   }
                   $node "RightHandPinky5" {
