$object "" {
 #version 1.0
 #tag MergeMeshes "1"
 #tag Coords "XZY"
 #tag Scale "1.000000"
 $node "Scene_Root" {
  $frame {
    1 0 0
    0 1 0
    0 0 1
    0 0 0
   
  }
  $node "EntityPosition" {
   $frame {
     1 0 0
     0 0 -1
     0 1 0
     0 0 0
    
   }
  }
  $node "Root" {
   $frame {
     1 0 0
     0 0 -1
     0 1 0
     0 0 0
    
   }
   $node "LeftFoot_IK_Target" {
    $frame {
      0.99018 -0.1395 0.0091
      0.12493 0.85378 -0.50543
      0.06274 0.5016 0.86282
      0.180288 -0.077038 0.099989
     
    }
   }
   $node "LeftHand_IK_Target" {
    $frame {
      0.2176 -0.62061 -0.75332
      0.59311 0.69704 -0.40293
      0.77516 -0.35912 0.51977
      0.498315 0.072079 1.045871
     
    }
   }
   $node "RightFoot_IK_Target" {
    $frame {
      0.99018 0.1395 -0.0091
      0.12493 -0.85378 0.50543
      0.06274 -0.5016 -0.86282
      -0.180289 -0.077035 0.099978
     
    }
   }
   $node "RightHand_IK_Target" {
    $frame {
      0.2176 0.62061 0.75332
      0.59311 -0.69704 0.40293
      0.77516 0.35912 -0.51977
      -0.498316 0.072078 1.045863
     
    }
   }
   $node "Spine_IK_Target" {
    $frame {
      -1 0 0
      0 -0.099 0.99509
      0 0.99509 0.099
      -0.000001 -0.025283 1.191553
     
    }
   }
   $node "Hips" {
    $frame {
      -1 0 0
      0 0 1
      0 1 0
      0 -0.020222 0.93455
     
    }
    $node "LeftLeg" {
     $frame {
       -0.99678 0.0801 0.004
       -0.0802 -0.99552 -0.05014
       -0.00003 -0.0503 0.99873
       -0.102571 -0.016123 0.001099
      
     }
     $node "LeftLegTwist" {
      $frame {
        1 0 0
        0 1 0
        0 0 1
        -0.0000064 0.2113345 -0.0000009
       
      }
      $node "LeftKnee" {
       $frame {
         0.99957 -0.02889 -0.00565
         0.02863 0.99875 -0.04085
         0.00683 0.04067 0.99915
         -0.000007 0.2048716 -0.0000017
        
       }
       $node "LeftKneeTwist" {
        $frame {
          1 0 0
          0 1 0
          0 0 1
          0.0000079 0.1903822 0.0000032
         
        }
        $node "LeftFoot" {
         $frame {
           0.98528 0.11132 -0.12972
           0.06881 0.43639 0.89712
           0.15648 -0.89284 0.42231
           0.0000083 0.2178458 0.000003
          
         }
         $node "LeftToe" {
          $frame {
            1 0 0
            -0 0.86108 0.50846
            -0.0001 -0.50846 0.86108
            0.0000078 0.1405949 -0.0000077
           
          }
         }
        }
       }
       $node "LeftKneeVolume" {
        $frame {
          1 0 0
          0 1 0
          0 0 1
          0 0 0
         
        }
       }
      }
     }
     $node "LeftLegVolume" {
      $frame {
        1 0 0
        0 1 0
        0 0 1
        0 0 0
       
      }
     }
    }
    $node "RightLegClothF" {
     $frame {
       0 0 1
       0 1 0
       -1 0 0
       0.103 -0.017853 0.107325
      
     }
    }
    $node "Spine1" {
     $frame {
       1 0 0
       0 0.99713 0.0757
       0 -0.0757 0.99713
       0 0.049368 0.004766
      
     }
     $node "Stomach1" {
      $frame {
        -1 0 0
        0 0.0757 0.99713
        0 0.99713 -0.0757
        0 0.0272665 0.110184
       
      }
     }
     $node "Spine2" {
      $frame {
        1 0 0
        -0 0.99393 -0.11006
        0 0.11006 0.99393
        0 0.053639 0.0000014
       
      }
      $node "Spine3" {
       $frame {
         1 0 0
         -0 0.99811 -0.0615
         0 0.0615 0.99811
         -0 0.0458293 -0.0000019
        
       }
       $node "Stomach2" {
        $frame {
          -1 0 0
          0 -0.0959 0.99539
          0 0.99539 0.0959
          -0 -0.0095412 0.1141742
         
        }
       }
       $node "Spine4" {
        $frame {
          1 0 0
          -0 0.97974 -0.20027
          0 0.20027 0.97974
          0.000001 0.0556604 0.0000018
         
        }
        $node "Stomach3" {
         $frame {
           -1 0 0
           0 -0.29331 0.95602
           0 0.95602 0.29331
           -0.000001 -0.0118852 0.1142614
          
         }
        }
        $node "Spine5" {
         $frame {
           1 0 0
           -0 0.98036 0.19722
           0 -0.19722 0.98036
           0 0.0526636 0.0088665
          
         }
         $node "LeftShoulder" {
          $frame {
            0.0579 0.08429 -0.99476
            -0.99811 -0.01549 -0.05941
            -0.02042 0.99632 0.08324
            -0.062498 0.2354569 -0.0243165
           
          }
          $node "LeftArm" {
           $frame {
             0.99831 0.03096 0.04915
             0.01459 0.68541 -0.72801
             -0.05623 0.7275 0.6838
             0.0011059 0.1093683 0.0026226
            
           }
           $node "LeftArmVolume" {
            $frame {
              0.99958 0.00735 -0.02815
              0.00442 0.91797 0.39662
              0.02875 -0.39658 0.91755
              0 0 0
             
            }
           }
           $node "LeftArmTwist" {
            $frame {
              1 0 0
              0 1 0
              0 0 1
              0.0000024 0.1415175 0.0000047
             
            }
            $node "LeftForeArm" {
             $frame {
               -0.02419 0.02516 0.99939
               -0.64239 0.76559 -0.03482
               -0.766 -0.64284 -0.00236
               0.0000035 0.1442217 0.0000095
              
             }
             $node "LeftForeArmVolume" {
              $frame {
                0.69849 -0.45983 -0.54833
                0.25309 0.87544 -0.41175
                0.66937 0.14883 0.72787
                0 0 0
               
              }
             }
             $node "LeftForeArmTwist" {
              $frame {
                1 0 0
                0 1 0
                0 0 1
                -0.0000005 0.1356377 -0.0000031
               
              }
              $node "LeftHand" {
               $frame {
                 -0.33993 0.19351 -0.92033
                 0.20796 0.96984 0.12711
                 0.91717 -0.14819 -0.36992
                 -0.0000105 0.1343755 -0.0000029
                
               }
               $node "LeftHandProp" {
                $frame {
                  -0.62062 0.69703 -0.35913
                  -0.75331 -0.40292 0.51978
                  0.2176 0.59313 0.77515
                  -0.1601527 -0.0126034 0.4776911
                 
                }
               }
               $node "LeftHandInbetween" {
                $frame {
                  0.99006 0.1398 -0.0153
                  -0.14062 0.9857 -0.0928
                  0.00211 0.09403 0.99557
                  -0.0415722 0.0642545 -0.0247454
                 
                }
               }
               $node "LeftHandMiddle1" {
                $frame {
                  0.99795 0.05264 -0.03636
                  -0.05342 0.99836 -0.0207
                  0.03521 0.0226 0.99912
                  -0.0112452 0.0271383 0.0031514
                 
                }
                $node "LeftHandMiddle2" {
                 $frame {
                   0.99829 0.05634 0.01532
                   -0.0552 0.99626 -0.06648
                   -0.01901 0.06552 0.99767
                   0.0000077 0.079143 -0.0000003
                  
                 }
                 $node "LeftHandMiddle3" {
                  $frame {
                    0.99945 -0.03092 0.01161
                    0.02793 0.60369 -0.79673
                    0.01762 0.79662 0.60423
                    0.0000011 0.039941 0.0000017
                   
                  }
                  $node "LeftHandMiddle4" {
                   $frame {
                     0.99063 0.12872 -0.04567
                     -0.13618 0.90526 -0.40244
                     -0.01046 0.40488 0.91431
                     -0.0000022 0.0297431 0.0000012
                    
                   }
                   $node "LeftHandMiddle5" {
                    $frame {
                      1 0 0
                      0 1 0
                      0 0 1
                      0 0.0231929 -0.0000007
                     
                    }
                   }
                  }
                 }
                }
               }
               $node "LeftHandRing1" {
                $frame {
                  0.99233 -0.00629 -0.12348
                  0.00406 0.99982 -0.01829
                  0.12357 0.01765 0.99218
                  0.0038715 0.0276417 0.0019839
                 
                }
                $node "LeftHandRing2" {
                 $frame {
                   1 0 0
                   0.00004 0.98369 -0.17987
                   0.00009 0.17987 0.98369
                   0.0000057 0.0786275 0.0000089
                  
                 }
                 $node "LeftHandRing3" {
                  $frame {
                    1 0 0
                    0.00006 0.47815 -0.87828
                    -0.00008 0.87828 0.47815
                    0.0000005 0.0334216 0.0000005
                   
                  }
                  $node "LeftHandRing4" {
                   $frame {
                     1 0 0
                     0.00004 0.92802 -0.37253
                     0.00004 0.37253 0.92802
                     -0.0000005 0.0314659 0.0000003
                    
                   }
                   $node "LeftHandRing5" {
                    $frame {
                      1 0 0
                      0 1 0
                      0 0 1
                      0 0.025031 -0.0000002
                     
                    }
                   }
                  }
                 }
                }
               }
               $node "LeftHandPinky1" {
                $frame {
                  0.99822 -0.05942 0.00468
                  0.0596 0.99498 -0.08038
                  0.00012 0.08052 0.99675
                  0.0255416 0.0277066 -0.0012656
                 
                }
                $node "LeftHandPinky2" {
                 $frame {
                   0.95068 -0.16271 -0.26408
                   0.15405 0.98662 -0.05333
                   0.26923 0.01002 0.96302
                   0.0000022 0.0714928 0.0000004
                  
                 }
                 $node "LeftHandPinky3" {
                  $frame {
                    1 0 0
                    0.0095 0.57223 -0.82004
                    -0.00674 0.8201 0.57219
                    -0.000001 0.0272486 0.0000075
                   
                  }
                  $node "LeftHandPinky4" {
                   $frame {
                     0.99557 0.09397 -0.00003
                     -0.07881 0.83475 -0.54496
                     -0.05119 0.54255 0.83846
                     0.0000007 0.0225961 -0.0000034
                    
                   }
                   $node "LeftHandPinky5" {
                    $frame {
                      1 0 0
                      0 1 0
                      0 0 1
                      0.0000007 0.0225071 0.0000017
                     
                    }
                   }
                  }
                 }
                }
               }
               $node "LeftHandIndex1" {
                $frame {
                  0.96548 0.14751 0.21467
                  -0.14729 0.98895 -0.01709
                  -0.21481 -0.01512 0.97654
                  -0.0266611 0.0269265 -0.0003034
                 
                }
                $node "LeftHandIndex2" {
                 $frame {
                   0.96091 0.27687 -0.00005
                   -0.27511 0.95482 0.11237
                   0.03116 -0.10797 0.99367
                   0.0000012 0.0717229 -0.0000064
                  
                 }
                 $node "LeftHandIndex3" {
                  $frame {
                    1 0 0
                    -0 0.70369 -0.71051
                    0 0.71051 0.70369
                    0.0000022 0.0380906 -0.0000001
                   
                  }
                  $node "LeftHandIndex4" {
                   $frame {
                     1 0 0
                     0.00007 0.86055 -0.50937
                     -0.00001 0.50937 0.86055
                     -0.0000011 0.0254167 0.000004
                    
                   }
                   $node "LeftHandIndex5" {
                    $frame {
                      1 0 0
                      0 1 0
                      0 0 1
                      -0.0000005 0.0259703 0.0000004
                     
                    }
                   }
                  }
                 }
                }
               }
               $node "LeftHandThumb1" {
                $frame {
                  0.07691 0.41561 0.90629
                  -0.30441 0.87536 -0.37559
                  -0.94943 -0.247 0.19384
                  -0.0107152 -0.0063782 -0.0053723
                 
                }
                $node "LeftHandThumb2" {
                 $frame {
                   1 0 0
                   -0 0.87843 0.47787
                   -0 -0.47787 0.87843
                   -0.0000012 0.0316065 -0.0000007
                  
                 }
                 $node "LeftHandThumb3" {
                  $frame {
                    1 0 0
                    -0.00002 0.87567 -0.4829
                    0.00002 0.4829 0.87567
                    -0.0000035 0.0461228 0.0000017
                   
                  }
                  $node "LeftHandThumb4" {
                   $frame {
                     1 0 0
                     0.00002 0.99804 -0.06262
                     -0.00002 0.06262 0.99804
                     0.0000016 0.0318671 -0.0000002
                    
                   }
                   $node "LeftHandThumb5" {
                    $frame {
                      1 0 0
                      0 1 0
                      0 0 1
                      -0.0000002 0.0334467 -0.0000028
                     
                    }
                   }
                  }
                 }
                }
               }
              }
              $node "LeftHandUpperVolume" {
               $frame {
                 -0.33993 0.19351 -0.92033
                 0.20796 0.96984 0.12711
                 0.91717 -0.14819 -0.36992
                 -0.0000004 0.1343701 -0.0000004
                
               }
              }
              $node "LeftHandLowerVolume" {
               $frame {
                 -0.33993 0.19351 -0.92033
                 0.20796 0.96984 0.12711
                 0.91717 -0.14819 -0.36992
                 -0.0000106 0.1343748 -0.0000037
                
               }
              }
             }
            }
           }
          }
         }
         $node "LeftPectoral" {
          $frame {
            0.1114 -0.98907 -0.09659
            -0.00641 -0.09791 0.99517
            -0.99376 -0.11024 -0.01725
            -0.089111 0.1712451 0.1053757
           
          }
         }
         $node "RightPectoral" {
          $frame {
            -0.0063 0.0979 -0.99518
            -0.11139 -0.98907 -0.0966
            -0.99376 0.11024 0.01714
            0.08911 0.171243 0.1053765
           
          }
         }
         $node "LeftShoulderBlade" {
          $frame {
            0.0089 0.0977 -0.99518
            -0.15688 0.98303 0.09511
            0.98758 0.15527 0.02408
            -0.108466 0.2319729 -0.1238544
           
          }
         }
         $node "RightShoulderBlade" {
          $frame {
            -0.0089 0.0977 -0.99518
            0.15688 0.98303 0.09511
            0.98758 -0.15527 -0.02408
            0.10847 0.2319688 -0.1238528
           
          }
         }
         $node "RightShoulder" {
          $frame {
            0.0581 -0.08429 0.99475
            -0.9981 0.01547 0.05961
            -0.02042 -0.99632 -0.08323
            0.062499 0.2354569 -0.0243165
           
          }
          $node "RightArm" {
           $frame {
             0.99831 0.03116 0.04915
             0.01445 0.68541 -0.72802
             -0.05637 0.72749 0.6838
             -0.0010843 -0.1093667 -0.0026172
            
           }
           $node "RightArmTwist" {
            $frame {
              1 0 0
              0 1 0
              0 0 1
              -0.0000014 -0.1415188 -0.0000005
             
            }
            $node "RightForeArm" {
             $frame {
               -0.02419 0.02516 0.99939
               -0.64239 0.76559 -0.03482
               -0.766 -0.64284 -0.00236
               -0.0000036 -0.144222 -0.0000102
              
             }
             $node "RightForeArmTwist" {
              $frame {
                1 0 0
                0 1 0
                0 0 1
                0.0000034 -0.1356383 0.0000039
               
              }
              $node "RightHand" {
               $frame {
                 -0.33993 0.19351 -0.92033
                 0.20796 0.96984 0.12711
                 0.91717 -0.14819 -0.36992
                 0.0000105 -0.1343759 0.0000037
                
               }
               $node "RightHandMiddle1" {
                $frame {
                  0.99795 0.05264 -0.03636
                  -0.05342 0.99836 -0.0207
                  0.03521 0.0226 0.99912
                  0.0112454 -0.0271387 -0.0031551
                 
                }
                $node "RightHandMiddle2" {
                 $frame {
                   0.99829 0.05634 0.01532
                   -0.0552 0.99626 -0.06648
                   -0.01901 0.06552 0.99767
                   -0.0000077 -0.0791437 0.0000003
                  
                 }
                 $node "RightHandMiddle3" {
                  $frame {
                    0.99945 -0.03092 0.01161
                    0.02793 0.60369 -0.79673
                    0.01762 0.79662 0.60423
                    -0.000001 -0.0399406 -0.0000033
                   
                  }
                  $node "RightHandMiddle4" {
                   $frame {
                     0.99063 0.12872 -0.04567
                     -0.13618 0.90526 -0.40244
                     -0.01046 0.40488 0.91431
                     0.0000016 -0.0297443 -0.0000003
                    
                   }
                   $node "RightHandMiddle5" {
                    $frame {
                      1 0 0
                      0 1 0
                      0 0 1
                      -0.0000003 -0.0231932 0.0000021
                     
                    }
                   }
                  }
                 }
                }
               }
               $node "RightHandRing1" {
                $frame {
                  0.99233 -0.00629 -0.12348
                  0.00406 0.99982 -0.01829
                  0.12357 0.01765 0.99218
                  -0.0038709 -0.0276435 -0.0019879
                 
                }
                $node "RightHandRing2" {
                 $frame {
                   1 0 0
                   0.00004 0.98369 -0.17987
                   0.00009 0.17987 0.98369
                   -0.0000068 -0.0786267 -0.0000074
                  
                 }
                 $node "RightHandRing3" {
                  $frame {
                    1 0 0
                    0.00006 0.47815 -0.87828
                    -0.00008 0.87828 0.47815
                    -0.0000014 -0.0334227 -0.000001
                   
                  }
                  $node "RightHandRing4" {
                   $frame {
                     1 0 0
                     0.00004 0.92802 -0.37253
                     0.00004 0.37253 0.92802
                     0.0000007 -0.0314651 0.0000005
                    
                   }
                   $node "RightHandRing5" {
                    $frame {
                      1 0 0
                      0 1 0
                      0 0 1
                      0 -0.0250312 0.0000003
                     
                    }
                   }
                  }
                 }
                }
               }
               $node "RightHandPinky1" {
                $frame {
                  0.99822 -0.05942 0.00468
                  0.0596 0.99498 -0.08038
                  0.00012 0.08052 0.99675
                  -0.025542 -0.027708 0.0012641
                 
                }
                $node "RightHandPinky2" {
                 $frame {
                   0.95068 -0.16271 -0.26408
                   0.15405 0.98662 -0.05333
                   0.26923 0.01002 0.96302
                   -0.0000019 -0.071494 -0.0000026
                  
                 }
                 $node "RightHandPinky3" {
                  $frame {
                    1 0 0
                    0.00946 0.57221 -0.82005
                    -0.00664 0.8201 0.57218
                    0.0000001 -0.0272481 -0.0000009
                   
                  }
                  $node "RightHandPinky4" {
                   $frame {
                     0.99558 0.09394 0.00006
                     -0.07873 0.83477 -0.54494
                     -0.05124 0.54252 0.83848
                     -0.0000005 -0.0225967 0.000001
                    
                   }
                   $node "RightHandPinky5" {
                    $frame {
                      1 0 0
                      0 1 0
                      0 0 1
                      -0.0000006 -0.0225076 -0.0000006
                     
                    }
                   }
                  }
                 }
                }
               }
               $node "RightHandIndex1" {
                $frame {
                  0.96548 0.14751 0.21467
                  -0.14729 0.98895 -0.01709
                  -0.21481 -0.01512 0.97654
                  0.0266619 -0.0269263 0.0003029
                 
                }
                $node "RightHandIndex2" {
                 $frame {
                   0.96091 0.27687 -0.00005
                   -0.27511 0.95482 0.11237
                   0.03116 -0.10797 0.99367
                   -0.0000003 -0.0717258 0.0000005
                  
                 }
                 $node "RightHandIndex3" {
                  $frame {
                    1 0 0
                    -0 0.70369 -0.71051
                    0 0.71051 0.70369
                    -0.0000023 -0.0380905 0.0000014
                   
                  }
                  $node "RightHandIndex4" {
                   $frame {
                     1 0 0
                     0.00007 0.86055 -0.50937
                     -0.00001 0.50937 0.86055
                     0 -0.0254171 0.0000006
                    
                   }
                   $node "RightHandIndex5" {
                    $frame {
                      1 0 0
                      0 1 0
                      0 0 1
                      0.0000007 -0.0259705 0.000001
                     
                    }
                   }
                  }
                 }
                }
               }
               $node "RightHandThumb1" {
                $frame {
                  0.07691 0.41561 0.90629
                  -0.30441 0.87536 -0.37559
                  -0.94943 -0.247 0.19384
                  0.0107157 0.006378 0.005371
                 
                }
                $node "RightHandThumb2" {
                 $frame {
                   1 0 0
                   0 0.87843 0.47787
                   -0 -0.47787 0.87843
                   0.0000002 -0.031606 0.0000012
                  
                 }
                 $node "RightHandThumb3" {
                  $frame {
                    1 0 0
                    -0.00002 0.87567 -0.4829
                    0.00002 0.4829 0.87567
                    -0.0000006 -0.0461235 -0.0000016
                   
                  }
                  $node "RightHandThumb4" {
                   $frame {
                     1 0 0
                     0.00002 0.99804 -0.06262
                     -0.00002 0.06262 0.99804
                     -0.0000021 -0.0318667 -0.0000016
                    
                   }
                   $node "RightHandThumb5" {
                    $frame {
                      1 0 0
                      0 1 0
                      0 0 1
                      -0.0000012 -0.0334455 -0.000003
                     
                    }
                   }
                  }
                 }
                }
               }
               $node "RightHandInbetween" {
                $frame {
                  0.99006 0.1398 -0.0153
                  -0.14062 0.9857 -0.09285
                  0.0021 0.09408 0.99556
                  0.0419784 -0.0639511 0.0249366
                 
                }
               }
               $node "RightHandProp" {
                $frame {
                  -0.62062 0.69703 -0.35913
                  0.75331 0.40292 -0.51978
                  -0.2176 -0.59313 -0.77515
                  0.1475571 -0.006451 -0.5095168
                 
                }
               }
              }
              $node "RightHandUpperVolume" {
               $frame {
                 -0.33993 0.19351 -0.92033
                 0.20796 0.96984 0.12711
                 0.91717 -0.14819 -0.36992
                 0.0000003 -0.1343716 0.000002
                
               }
              }
              $node "RightHandLowerVolume" {
               $frame {
                 -0.33993 0.19351 -0.92033
                 0.20796 0.96984 0.12711
                 0.91717 -0.14819 -0.36992
                 0.0000071 -0.1343751 0.0000031
                
               }
              }
             }
             $node "RightForeArmVolume" {
              $frame {
                0.69849 -0.45983 -0.54833
                0.25309 0.87544 -0.41175
                0.66937 0.14883 0.72787
                0 0 0
               
              }
             }
            }
           }
           $node "RightArmVolume" {
            $frame {
              1 0 0
              0 1 0
              0 0 1
              0 0 0
             
            }
           }
          }
         }
         $node "Neck1" {
          $frame {
            -1 0 0
            0 0.94463 0.32812
            -0 0.32812 -0.94463
            0.000002 0.2903131 0.0000107
           
          }
          $node "Neck2" {
           $frame {
             1 0 0
             0 0.99844 0.05577
             0 -0.05577 0.99844
             -0 0.0499378 0.0000023
            
           }
           $node "Neck3" {
            $frame {
              1 0 0
              -0 0.9962 0.08712
              0 -0.08712 0.9962
              -0.000001 0.0478978 -0.0000024
             
            }
            $node "Head" {
             $frame {
               1 0 0
               -0 0.99576 0.092
               0 -0.092 0.99576
               -0 0.0422694 0.0020533
              
             }
             $node "Camera" {
              $frame {
                1 0 0
                0 1 0
                0 0 1
                0 0 0
               
              }
             }
             $node "RightFacialLipLower" {
              $frame {
                -0.9993 0 -0.0374
                0.0374 -0 -0.9993
                0 -1 0
                -0.015702 -0.006165 -0.110568
               
              }
             }
             $node "RightFacialLipUpper" {
              $frame {
                -0.9993 0 -0.0374
                0.0374 -0 -0.9993
                0 -1 0
                -0.017183 0.007789 -0.109078
               
              }
             }
             $node "RightFacialLipCorner" {
              $frame {
                -0.9993 0 -0.0374
                0.0374 -0 -0.9993
                0 -1 0
                -0.026884 0.00203 -0.100047
               
              }
             }
             $node "RightFacialChin" {
              $frame {
                -1 0 0
                0 0 -1
                0 -1 0
                -0.02392 -0.0193911 -0.099292
               
              }
             }
             $node "RightFacialCheekLower" {
              $frame {
                -0.9993 0 -0.0373
                0.0373 -0 -0.9993
                0 -1 0
                -0.043372 -0.0035521 -0.083737
               
              }
             }
             $node "RightFacialCheekMiddle" {
              $frame {
                -0.9993 0 -0.0373
                0.0373 -0 -0.9993
                0 -1 0
                -0.043767 0.0175689 -0.090221
               
              }
             }
             $node "RightFacialCheekUpper" {
              $frame {
                -0.9993 0 -0.0373
                0.0373 -0 -0.9993
                0 -1 0
                -0.052738 0.0491999 -0.083504
               
              }
             }
             $node "RightFacialEyelidLowerOuter" {
              $frame {
                -1 0 0
                0 0 -1
                0 -1 0
                -0.043092 0.06635 -0.085612
               
              }
             }
             $node "RightFacialEyelidLowerMiddle" {
              $frame {
                -1 0 0
                0 0 -1
                0 -1 0
                -0.033556 0.0649899 -0.091592
               
              }
             }
             $node "RightFacialEyelidLowerInner" {
              $frame {
                -1 0 0
                0 0 -1
                0 -1 0
                -0.022462 0.06672 -0.090818
               
              }
             }
             $node "RightFacialEyelidUpperOuter" {
              $frame {
                -1 0 0
                0 0 -1
                0 -1 0
                -0.042217 0.0777999 -0.087075
               
              }
             }
             $node "RightFacialEyelidUpperMiddle" {
              $frame {
                -1 0 0
                0 0 -1
                0 -1 0
                -0.033248 0.07894 -0.092142
               
              }
             }
             $node "RightFacialEyelidUpperInner" {
              $frame {
                -1 0 0
                0 0 -1
                0 -1 0
                -0.022914 0.0764199 -0.091189
               
              }
             }
             $node "EyeRight" {
              $frame {
                1 0 0
                0 0 -1
                0 1 0
                -0.031609 0.0727789 -0.078864
               
              }
              $node "EyeRightPupil" {
               $frame {
                 1 0 0
                 0 1 0
                 0 0 1
                 0 0.010363 0.0000011
                
               }
              }
             }
             $node "RightFacialEyebrowOuter" {
              $frame {
                -0.9993 0 -0.0373
                0.0373 -0 -0.9993
                0 -1 0
                -0.047929 0.0958099 -0.089168
               
              }
             }
             $node "RightFacialEyebrowInner" {
              $frame {
                -0.9993 0 -0.0374
                0.0374 -0 -0.9993
                0 -1 0
                -0.013969 0.09556 -0.10894
               
              }
             }
             $node "RightFacialNoseCorner" {
              $frame {
                -0.9993 0 -0.0374
                0.0374 -0 -0.9993
                0 -1 0
                -0.018597 0.0320699 -0.102672
               
              }
             }
             $node "EyeLeft" {
              $frame {
                1 0 0
                0 0 -1
                0 1 0
                0.031835 0.073166 -0.07922
               
              }
              $node "EyeLeftPupil" {
               $frame {
                 1 0 0
                 0 1 0
                 0 0 1
                 0 0.01036 0.000001
                
               }
              }
             }
             $node "FacialLipUpperMiddle" {
              $frame {
                1 0 0
                0 1 0
                0 0 1
                0.000195 0.009293 -0.116864
               
              }
             }
             $node "FacialLipLowerMiddle" {
              $frame {
                1 0 0
                0 1 0
                0 0 1
                0.000191 -0.006313 -0.115279
               
              }
             }
             $node "LeftFacialLipLower" {
              $frame {
                -1 0 0
                0 0 1
                0 1 0
                0.014777 -0.0049161 -0.113178
               
              }
             }
             $node "LeftFacialLipUpper" {
              $frame {
                -1 0 0
                0 0 1
                0 1 0
                0.017183 0.0077879 -0.111712
               
              }
             }
             $node "LeftFacialLipCorner" {
              $frame {
                -1 0 0
                0 0 1
                0 1 0
                0.02785 0.0032439 -0.103559
               
              }
             }
             $node "LeftFacialChin" {
              $frame {
                -1 0 0
                0 0 1
                0 1 0
                0.023921 -0.019393 -0.106237
               
              }
             }
             $node "LeftFacialCheekLower" {
              $frame {
                -1 0 0
                0 0 1
                0 1 0
                0.043372 -0.003551 -0.09204
               
              }
             }
             $node "LeftFacialCheekMiddle" {
              $frame {
                -1 0 0
                0 0 1
                0 1 0
                0.043767 0.017574 -0.094379
               
              }
             }
             $node "LeftFacialNoseCorner" {
              $frame {
                -1 0 0
                0 0 1
                0 1 0
                0.018478 0.0320699 -0.103848
               
              }
             }
             $node "LeftFacialCheekUpper" {
              $frame {
                -1 0 0
                0 0 1
                0 1 0
                0.052738 0.049204 -0.088487
               
              }
             }
             $node "LeftFacialEyelidLowerOuter" {
              $frame {
                -1 0 0
                0 0 1
                0 1 0
                0.043092 0.066353 -0.087341
               
              }
             }
             $node "LeftFacialEyelidLowerMiddle" {
              $frame {
                -1 0 0
                0 0 1
                0 1 0
                0.033556 0.064989 -0.092293
               
              }
             }
             $node "LeftFacialEyelidLowerInner" {
              $frame {
                -1 0 0
                0 0 1
                0 1 0
                0.022462 0.066725 -0.091509
               
              }
             }
             $node "LeftFacialEyelidUpperMiddle" {
              $frame {
                -1 0 0
                0 0 1
                0 1 0
                0.033249 0.079743 -0.092142
               
              }
             }
             $node "LeftFacialEyelidUpperInner" {
              $frame {
                -1 0 0
                0 0 1
                0 1 0
                0.022915 0.0764229 -0.091374
               
              }
             }
             $node "LeftFacialEyelidUpperOuter" {
              $frame {
                -1 0 0
                0 0 1
                0 1 0
                0.042217 0.077796 -0.087803
               
              }
             }
             $node "LeftFacialEyebrowOuter" {
              $frame {
                -1 0 0
                0 0 1
                0 1 0
                0.047929 0.095811 -0.090545
               
              }
             }
             $node "LeftFacialEyebrowInner" {
              $frame {
                -1 0 0
                0 0 1
                0 1 0
                0.01397 0.0955629 -0.10894
               
              }
             }
             $node "FacialJaw" {
              $frame {
                0 -0.43851 -0.89873
                1 0 0
                0 -0.89873 0.43851
                0.000004 0.0050659 -0.025721
               
              }
              $node "FacialChinMiddle" {
               $frame {
                 1 0 0
                 0 1 0
                 0 0 1
                 0.0960012 -0 -0.0000008
                
               }
              }
              $node "FacialTongueBase" {
               $frame {
                 0.81914 0 -0.57359
                 0 1 0
                 0.57359 0 0.81914
                 0.0272026 -0 -0.0000008
                
               }
               $node "FacialTongueMiddle" {
                $frame {
                  1 0 0
                  0 1 0
                  0 0 1
                  0.0218041 -0 -0.000001
                 
                }
                $node "FacialTongueTip" {
                 $frame {
                   1 0 0
                   0 1 0
                   0 0 1
                   0.0218028 -0 0.0000008
                  
                 }
                }
               }
              }
             }
            }
           }
          }
         }
        }
       }
      }
     }
    }
    $node "LeftLegClothF" {
     $frame {
       0 0 1
       0 1 0
       -1 0 0
       -0.102983 -0.017556 0.107164
      
     }
    }
    $node "RightLegClothB" {
     $frame {
       0 1 0
       0 0 1
       1 0 0
       0.103 -0.01785 -0.093874
      
     }
    }
    $node "LeftLegClothB" {
     $frame {
       0 1 0
       0 0 1
       1 0 0
       -0.103 -0.01785 -0.093874
      
     }
    }
    $node "RightLeg" {
     $frame {
       -0.99678 -0.0801 -0.004
       -0.0802 0.99552 0.05014
       -0.00003 0.0503 -0.99873
       0.102571 -0.016123 0.001099
      
     }
     $node "RightLegVolume" {
      $frame {
        1 0 0
        0 1 0
        0 0 1
        0 0 0
       
      }
     }
     $node "RightLegTwist" {
      $frame {
        1 0 0
        0 1 0
        0 0 1
        0.000007 -0.2113546 0.0000009
       
      }
      $node "RightKnee" {
       $frame {
         0.99957 -0.02889 -0.00565
         0.02863 0.99875 -0.04085
         0.00683 0.04067 0.99915
         0.0000067 -0.2048926 0.0000007
        
       }
       $node "RightKneeVolume" {
        $frame {
          1 0 0
          0 1 0
          0 0 1
          0 0 0
         
        }
       }
       $node "RightKneeTwist" {
        $frame {
          1 0 0
          0 1 0
          0 0 1
          -0.000008 -0.1904002 -0.0000038
         
        }
        $node "RightFoot" {
         $frame {
           0.98529 0.11122 -0.12973
           0.06886 0.4364 0.89712
           0.15639 -0.89285 0.42232
           -0.000007 -0.2178667 -0.0000049
          
         }
         $node "RightToe" {
          $frame {
            1 0 0
            0.00051 0.86114 0.50836
            -0 -0.50836 0.86114
            0.0000059 -0.1405957 0.0000139
           
          }
         }
        }
       }
      }
     }
    }
   }
   $node "Collision" {
    $frame {
      1 0 0
      0 1 0
      0 0 1
      0 0 0
     
    }
   }
  }
 }
 $materials {
  $material "Headgear_Example_01" {
   #UVset 0
  }
 }
 $colliders {
  $mesh "UTM_Object" {
   #parent "Head"
   $frame {
     1 0.00001 0
     -0.00001 1 0
     -0 -0 1
     -0.000004 0.980974 0.031382
    
   }
   #weight 0
   #material "Metal_3mm_EDB153DC99889624"
   #layers "FireGeo"
   $faces {
     0 3 0 1 2
     0 3 0 3 4
     0 3 3 5 4
     0 3 1 6 7
     0 3 6 1 8
     0 3 6 9 7
     0 3 10 11 12
     0 3 10 12 13
     0 3 13 14 10
     0 3 15 12 11
     0 3 6 8 16
     0 3 6 16 17
     0 3 6 17 18
     0 3 9 6 18
     0 3 19 20 15
     0 3 15 21 19
     0 3 22 12 23
     0 3 4 5 24
     0 3 24 25 22
     0 3 22 4 24
     0 3 13 12 22
     0 3 25 13 22
     0 3 20 19 23
     0 3 26 23 19
     0 3 23 26 0
     0 3 0 4 23
     0 3 1 0 26
     0 3 23 4 22
     0 3 27 28 29
     0 3 2 27 3
     0 3 3 27 5
